episode,step,node,value,is_breaker
0,0,X13,-0.3500,0
0,1,X14,-3.3700,0
0,2,X19,-0.7360,0
0,3,X17,-1.9000,0
0,4,X19,-1.7900,0
0,5,X12,-1.5500,0
0,6,X17,-1.8300,0
0,7,X19,-0.0000,0
0,8,X17,-2.0000,0
1,0,X2,1.5000,0
1,1,X17,-1.8300,0
1,2,X2,1.5000,0
1,3,X11,-1.7400,0
1,4,X17,-1.4900,0
1,5,X2,1.5000,0
1,6,X8,-1.2100,0
1,7,X17,-5.0000,0
1,8,X17,-0.1400,0
1,9,X17,-5.0000,0
1,10,X2,1.5000,0
1,11,X12,-0.5000,0
1,13,X12,-2.0000,0
1,14,X17,-3.0000,0
1,15,X2,1.5000,0
1,16,X12,-3.0000,0
1,17,X12,-4.0000,0
2,0,X2,1.5000,0
2,1,X2,1.5000,0
2,2,X17,-1.7270,0
2,3,X2,1.5000,0
2,4,X2,1.5000,0
2,5,X12,-5.0000,0
2,6,X17,-5.0000,0
3,0,X2,1.5000,0
3,1,X2,1.5000,0
3,2,X2,1.5000,0
3,3,X17,-5.0000,0
3,4,X2,1.5000,0
3,5,X12,-2.0000,0
3,6,X2,1.5000,0
3,7,X2,1.5000,0
3,8,X2,1.5000,0
3,9,X19,-3.0000,0
3,10,X17,-2.0000,0
3,11,X13,-2.0000,0
3,12,X11,-2.0000,0
3,13,X2,1.5000,0
3,14,X2,1.5000,0
3,15,X2,1.5000,0
3,16,X17,-2.0000,0
4,0,X2,1.5000,0
4,1,X2,1.5000,0
4,2,X2,1.5000,0
4,3,X2,1.5000,0
4,4,X2,1.5000,0
4,5,X2,1.5000,0
4,6,X17,-5.0000,0
4,7,X2,1.5000,0
4,8,X17,-2.0000,0
4,9,X17,-2.0000,0
4,10,X17,-2.0000,0
4,11,X17,-5.0000,0
4,12,X17,-2.0000,0
4,13,X2,1.5000,0
4,14,X2,1.5000,0
5,0,X2,1.5000,0
5,1,X2,1.5000,0
5,2,X17,-5.0000,0
5,3,X2,1.5000,0
5,4,X2,1.5000,0
5,5,X2,1.5000,0
5,6,X2,1.5000,0
5,7,X2,1.5000,0
5,8,X11,-2.0000,0
6,0,X2,1.5000,0
6,1,X2,1.5000,0
6,2,X2,1.5000,0
6,3,X2,1.5000,0
6,4,X17,-2.0000,0
6,5,X17,-2.0000,0
6,6,X2,1.5000,0
6,7,X2,1.5000,0
6,8,X2,1.5000,0
6,9,X11,-2.0000,0
6,10,X2,1.5000,0
6,11,X19,-2.0000,0
6,12,X12,-2.0000,0
6,13,X17,-2.0000,0
6,14,X2,1.5000,0
6,15,X2,1.5000,0
6,16,X19,-2.0000,0
6,17,X13,-2.0000,0
6,18,X2,1.5000,0
6,19,X12,-2.0000,0
6,20,X2,1.5000,0
6,21,X2,1.5000,0
6,22,X13,-2.0000,0
6,23,X2,1.5000,0
6,24,X2,1.5000,0
7,0,X2,1.5000,0
7,1,X6,-2.0000,0
7,2,X2,1.5000,0
7,3,X13,-2.0000,0
7,4,X2,1.5000,0
7,5,X2,-1.5863,0
7,6,X2,-3.2692,0
7,7,X11,-2.0000,0
7,8,X2,-4.6952,0
7,9,X2,-3.4963,0
7,10,X11,-2.0000,0
7,11,X2,-1.9780,0
7,12,X2,-2.1874,0
7,13,X2,-2.5470,0
7,14,X2,1.5000,0
8,0,X2,-0.9692,0
8,1,X2,1.5000,0
8,2,X19,-2.0000,0
8,3,X2,-4.1877,0
8,4,X2,-3.0165,0
8,5,X2,-1.8305,0
8,6,X2,-3.0738,0
8,7,X2,-3.7415,0
8,8,X17,-2.0000,0
8,9,X2,-1.5914,0
8,10,X2,-0.0465,0
8,11,X2,-0.0820,0
8,12,X2,-4.8772,0
8,13,X2,-0.7541,0
8,14,X12,-2.0000,0
8,15,X13,-2.0000,0
8,16,X2,-4.3107,0
8,17,X13,-2.0000,0
8,18,X13,-2.0000,0
8,19,X2,-0.9164,0
8,20,X2,-3.3817,0
8,21,X13,-2.0000,0
9,0,X2,-1.1293,0
9,1,X2,1.5000,0
9,2,X2,-1.7271,0
9,3,X2,-0.9145,0
9,4,X2,-1.7499,0
9,5,X2,-2.2330,0
9,6,X13,-2.0000,0
9,7,X2,-4.6977,0
9,8,X2,-0.8274,0
9,9,X17,-2.0000,0
9,10,X2,-2.7240,0
9,11,X2,-0.7126,0
9,12,X2,-2.6745,0
9,13,X2,-4.9681,0
9,14,X2,-4.5349,0
9,15,X11,-2.0000,0
9,16,X2,-3.6750,0
9,17,X2,2.2610,0
9,18,X2,-4.6776,0
9,19,X2,1.3993,0
9,20,X2,3.9096,0
9,21,X2,-4.4993,0
9,22,X2,0.1410,0
9,23,X2,0.6524,0
9,24,X13,-2.0000,0
10,0,X2,4.7439,0
10,1,X6,-2.0000,0
10,2,X2,-2.2699,0
10,3,X17,-2.0000,0
10,4,X2,1.5000,0
10,5,X2,-2.5545,0
10,6,X2,4.8535,0
10,7,X2,-1.8986,0
10,8,X2,1.5000,0
10,9,X2,-4.4950,0
11,0,X2,4.6042,0
11,1,X6,-2.0000,0
11,2,X2,-3.7525,0
11,3,X2,-1.2552,0
11,4,X2,1.5000,0
11,5,X2,-0.7836,0
11,6,X2,4.0118,0
11,7,X2,-0.4674,0
11,8,X2,-3.4646,0
11,9,X2,0.6868,0
11,10,X2,-2.5521,0
11,11,X2,3.4676,0
11,12,X2,-0.2596,0
11,13,X2,1.5000,0
11,14,X2,-1.4062,0
12,0,X2,1.5000,0
12,1,X2,-0.9920,0
12,2,X2,-3.6408,0
12,3,X2,0.1441,0
12,4,X2,1.6915,0
12,5,X2,0.3743,0
12,6,X2,-2.9383,0
12,7,X2,3.2858,0
12,8,X2,-4.0623,0
12,9,X2,0.2429,0
12,10,X2,1.3680,0
12,11,X2,3.3619,0
12,12,X2,1.5000,0
12,13,X2,-0.6758,0
13,0,X2,-0.6494,0
13,1,X2,-2.2170,0
13,2,X2,1.0998,0
13,3,X2,-1.6553,0
13,4,X2,0.2193,0
13,5,X2,3.8760,0
13,6,X2,-1.6335,0
14,0,X2,-2.3327,0
14,1,X2,2.6858,0
14,2,X2,-0.0284,0
14,3,X2,-2.0792,0
14,4,X2,0.8789,0
14,5,X2,-2.2827,0
14,6,X2,2.5707,0
14,7,X2,1.5000,0
15,0,X2,-2.4181,0
15,1,X2,3.6013,0
15,2,X2,1.5000,0
15,3,X2,-3.2866,0
15,4,X2,-2.5888,0
15,5,X2,1.5000,0
15,6,X2,-3.1887,0
15,7,X2,3.5275,0
16,0,X2,-4.2734,0
16,1,X2,3.2844,0
16,2,X2,1.5000,0
16,3,X1,4.5671,0
16,4,X2,-0.0290,0
16,5,X2,-0.2644,0
16,6,X2,1.5000,0
16,7,X3,1.8634,0
17,0,X2,-2.5061,0
17,1,X2,-0.9717,0
17,2,X1,0.6035,0
17,3,X2,1.9054,0
17,4,X2,-2.7755,0
17,5,X3,2.6500,0
17,6,X2,4.8749,0
17,7,X2,-3.1711,0
17,8,X2,-2.9413,0
17,9,X1,-2.1040,0
17,10,X2,1.7096,0
17,11,X2,3.8407,0
17,12,X3,-3.0128,0
17,13,X2,-4.5526,0
17,14,X2,0.9648,0
18,0,X1,-2.3665,0
18,1,X2,3.0652,0
18,2,X2,-3.1682,0
18,3,X2,0.3519,0
18,4,X3,-3.3319,0
18,5,X2,1.0696,0
18,6,X2,-1.5514,0
18,7,X1,3.2571,0
18,8,X2,3.2639,0
19,0,X2,-3.5511,0
19,1,X3,2.7677,0
19,2,X2,4.0909,0
19,3,X2,-3.9810,0
19,4,X2,1.9432,0
19,5,X1,-2.5261,0
19,6,X2,-2.2253,0
19,7,X2,0.6929,0
19,8,X3,2.6544,0
20,0,X2,3.8955,0
20,1,X2,-3.2037,0
20,2,X1,2.6454,0
20,3,X2,4.9281,0
20,4,X2,-3.4355,0
20,5,X2,-4.7879,0
20,6,X3,3.2762,0
20,7,X2,3.6132,0
21,0,X2,-1.4368,0
21,1,X1,0.2382,0
21,2,X2,2.8275,0
21,3,X2,-1.8677,0
21,4,X3,0.8886,0
21,5,X2,1.5000,0
21,6,X2,-4.7548,0
21,7,X2,2.8948,0
22,0,X1,-2.2558,0
22,1,X2,2.4183,0
22,2,X2,-4.3514,0
22,3,X3,-3.8207,0
22,4,X2,1.0059,0
22,5,X2,1.5000,0
22,6,X1,0.3697,0
22,7,X2,2.6794,0
22,8,X2,3.1326,0
22,9,X2,-2.9307,0
23,0,X3,-4.7507,0
23,1,X2,4.3590,0
23,2,X2,4.6617,0
23,3,X1,-1.7912,0
23,4,X2,-1.8853,0
23,5,X2,3.0663,0
23,6,X3,3.3617,0
23,7,X2,-1.2213,0
23,8,X2,1.1585,0
23,9,X2,1.5000,0
23,10,X1,-1.7413,0
23,11,X2,1.9191,0
23,12,X2,0.3895,0
23,13,X3,3.1407,0
23,14,X2,1.5000,0
23,15,X2,2.8514,0
23,16,X1,-2.0582,0
23,17,X2,1.1762,0
23,18,X2,1.9230,0
23,19,X2,2.4335,0
23,20,X3,0.5205,0
23,21,X2,2.0542,0
23,22,X2,-1.3435,0
23,23,X1,1.3369,0
23,24,X2,3.6691,0
24,0,X2,0.3071,0
24,1,X3,-3.6746,0
24,2,X2,4.0392,0
24,3,X2,-4.2292,0
24,4,X2,3.2113,0
24,5,X1,-3.5485,0
24,6,X2,4.5886,0
24,7,X2,1.9558,0
24,8,X3,-4.8804,0
25,0,X2,-0.3075,0
25,1,X2,4.4995,0
25,2,X1,4.0339,0
25,3,X2,-0.2220,0
25,4,X2,1.0919,0
25,5,X2,0.7443,0
25,6,X3,3.4405,0
25,7,X2,4.6752,0
25,8,X2,-2.7018,0
25,9,X1,1.3279,0
26,0,X2,1.5387,0
26,1,X2,4.0355,0
26,2,X3,4.1802,0
26,3,X2,-4.1466,0
26,4,X2,4.9110,0
26,5,X2,1.6775,0
26,6,X1,2.7766,0
26,7,X2,4.0371,0
26,8,X2,-4.1000,0
26,9,X3,2.6113,0
26,10,X2,4.8429,0
26,11,X2,1.5000,0
27,0,X1,-3.0125,0
27,1,X2,1.1033,0
27,2,X2,3.1601,0
27,3,X2,1.7179,0
27,4,X3,4.9566,0
27,5,X2,4.4591,0
27,6,X2,-2.3444,0
27,7,X1,1.4764,0
27,8,X2,3.8592,0
28,0,X2,1.5000,0
28,1,X3,4.4532,0
28,2,X2,-4.6650,0
28,3,X2,1.0490,0
28,4,X2,2.6334,0
28,5,X1,3.9190,0
28,6,X2,2.4816,0
28,7,X2,3.2234,0
28,8,X3,1.9686,0
28,9,X2,-0.1464,0
28,10,X2,-0.8033,0
29,0,X1,-1.8306,0
29,1,X2,-4.2731,0
29,2,X2,-0.2800,0
29,3,X2,-4.3029,0
29,4,X3,-2.2207,0
29,5,X2,-1.9746,0
29,6,X2,-0.1124,0
29,7,X1,-3.6043,0
30,0,X11,-4.3564,0
30,1,X11,2.8000,0
30,2,X15,5.0000,0
30,3,X14,0.0033,0
30,4,X14,2.8800,0
30,5,X17,1.1089,0
30,6,X14,4.2703,0
30,7,X17,1.9752,0
30,8,X13,-2.2060,0
30,9,X19,4.6873,0
30,11,X12,0.7223,0
30,12,X11,0.5110,0
30,13,X9,-2.3854,0
30,14,X12,4.5892,0
30,15,X7,1.3098,0
30,16,X4,2.6696,0
30,17,X14,3.2768,0
30,18,X14,0.3686,0
30,19,X12,3.0161,0
30,20,X14,1.9187,0
30,21,X4,3.0000,0
31,0,X11,3.1584,0
31,1,X6,2.3882,0
31,2,X14,0.8389,0
31,3,X14,4.8121,0
31,4,X14,3.8288,0
31,5,X11,3.5930,0
31,6,X14,2.2205,0
31,7,X14,2.5058,0
32,0,X2,1.5000,0
32,1,X2,1.5000,0
32,2,X2,-4.4322,0
32,3,X14,0.0372,0
32,4,X14,0.8529,0
32,5,X14,2.3063,0
32,6,X14,0.8291,0
33,0,X2,-1.2581,0
33,1,X2,-3.1265,0
33,2,X2,1.5000,0
33,3,X2,-2.2364,0
33,4,X2,-3.0351,0
33,5,X2,-0.6027,0
33,6,X2,-1.4131,0
34,0,X2,1.5000,0
34,1,X2,-4.5888,0
34,2,X19,1.2388,0
34,3,X2,-0.6180,0
34,4,X2,-4.0087,0
34,5,X2,-1.4071,0
34,6,X2,-3.5602,0
34,7,X2,-4.2703,0
35,0,X2,-3.3838,0
35,1,X2,-3.8258,0
35,2,X2,-3.4875,0
35,3,X2,-4.3404,0
35,4,X2,-0.3688,0
35,5,X2,-1.1816,0
35,6,X2,-1.4702,0
35,7,X2,-0.6656,0
35,8,X14,2.2800,0
35,9,X2,-4.8702,0
35,10,X2,-1.7023,0
36,0,X2,-1.3284,0
36,1,X2,-3.0930,0
36,2,X2,-1.2372,0
36,3,X2,-0.8397,0
36,4,X2,-2.8295,0
36,5,X2,-2.3766,0
36,6,X2,1.5000,0
36,7,X2,1.5000,0
36,8,X2,-3.5118,0
36,9,X2,-1.2649,0
36,10,X2,-0.6561,0
37,0,X2,1.5133,0
37,1,X2,-2.8211,0
37,2,X2,3.5130,0
37,3,X2,-1.8480,0
37,4,X2,2.9552,0
37,5,X11,4.2733,0
37,6,X2,-4.0390,0
37,7,X2,1.4670,0
38,0,X2,-3.5877,0
38,1,X2,1.5000,0
38,2,X2,0.3183,0
38,3,X2,-3.6625,0
38,4,X2,0.5547,0
38,5,X2,4.5549,0
38,6,X2,-0.7570,0
38,7,X2,-1.2258,0
39,0,X2,-2.7062,0
39,1,X2,1.5740,0
39,2,X2,3.5668,0
39,3,X2,0.0395,0
39,4,X2,-1.5126,0
39,5,X2,0.6300,0
39,6,X2,2.9625,0
39,7,X2,-4.7613,0
40,0,X3,3.5000,0
40,1,X13,0.0572,0
40,2,X14,0.7011,0
40,3,X20,3.0097,0
40,4,X6,2.7000,0
40,5,X15,-2.0000,0
40,6,X7,-3.1600,0
40,7,X14,0.3957,0
41,0,X2,1.5000,0
41,1,X19,2.9014,0
41,2,X2,1.5000,0
41,3,X19,-3.0000,0
41,4,X13,0.1076,0
41,5,X6,-0.8070,0
41,6,X11,-0.9112,0
41,7,X2,-2.3093,0
42,0,X2,-0.8627,0
42,1,X2,1.5000,0
42,2,X2,1.5000,0
42,3,X5,1.0000,0
42,4,X13,-2.1600,0
42,5,X15,-0.3650,0
42,6,X11,-2.7300,0
42,7,X6,4.3550,0
43,0,X15,-0.0066,0
43,1,X15,-1.7100,0
43,2,X15,3.0037,0
43,3,X15,1.0300,0
43,4,X15,-2.0399,0
43,5,X2,-1.2402,0
43,6,X7,-0.3351,0
43,7,X2,-4.0319,0
43,8,X2,1.5583,0
43,9,X3,0.0000,0
44,0,X2,1.5000,0
44,1,X4,-1.9600,0
44,2,X2,1.5000,0
44,3,X6,-0.7700,0
44,4,X2,2.9284,0
44,5,X1,-0.7768,0
44,6,X2,-0.3194,0
44,7,X3,-0.3353,0
45,0,X2,1.5000,0
45,1,X2,-0.6357,0
45,2,X2,-1.2435,0
45,3,X2,-3.6583,0
45,4,X5,-1.5560,0
45,5,X2,2.9198,0
45,6,X5,-0.7570,0
45,7,X2,1.5000,0
46,0,X2,-1.4718,0
46,1,X2,-2.9809,0
46,2,X13,-0.9679,0
46,3,X2,-4.0608,0
46,4,X2,0.0484,0
46,5,X2,0.1162,0
46,6,X3,-0.3355,0
46,7,X2,0.4662,0
46,8,X4,3.1700,0
46,9,X2,0.5537,0
46,10,X2,2.3739,0
46,11,X2,1.9962,0
46,12,X15,-0.0837,0
46,13,X4,-2.0059,0
46,14,X9,0.5500,0
46,15,X11,-0.3031,0
46,16,X2,1.5000,0
46,17,X2,-0.4143,0
46,18,X2,-0.7922,0
46,19,X12,4.0000,0
46,20,X2,-1.7949,0
46,21,X2,-3.1268,0
47,0,X2,3.9846,0
47,1,X2,-2.2915,0
47,2,X2,0.3301,0
47,3,X9,-3.5500,0
47,4,X2,4.8618,0
47,5,X2,-2.0748,0
47,6,X2,-1.3104,0
47,7,X2,2.9904,0
47,8,X2,1.5000,0
47,9,X2,-1.4025,0
47,10,X2,-4.2923,0
47,11,X2,-1.3916,0
47,12,X2,4.8628,0
47,13,X4,0.9117,0
47,14,X2,-2.7320,0
47,15,X2,-1.3733,0
47,16,X2,0.1941,0
47,17,X2,2.4431,0
47,18,X2,-1.6179,0
48,0,X2,-4.9383,0
48,1,X2,4.1487,0
48,2,X2,0.4444,0
48,3,X2,1.5000,0
48,4,X2,-4.0099,0
48,5,X2,4.5114,0
48,6,X2,2.9282,0
48,7,X2,1.5000,0
49,0,X2,-0.5492,0
49,1,X2,-2.7154,0
49,2,X2,-3.1579,0
49,3,X2,1.5000,0
49,4,X9,-4.1300,0
49,5,X2,-2.3997,0
49,6,X2,0.8403,0
49,7,X4,0.0506,0
49,8,X9,3.1670,0
49,9,X2,3.0034,0
49,10,X2,1.1178,0
49,11,X2,-0.2297,0
49,12,X2,-1.0172,0
49,13,X2,-2.5008,0
49,14,X2,-4.3827,0
49,15,X2,4.1394,0
49,16,X1,3.4852,0
49,17,X1,-3.0491,0
49,18,X2,2.2877,0
49,19,X2,-1.3702,0
49,20,X4,0.6806,0
49,21,X1,-0.1137,0
49,22,X2,-0.6755,0
49,23,X3,0.7263,0
50,0,X17,-2.2300,0
50,1,X15,2.9400,0
50,2,X14,-3.2700,0
50,3,X19,2.3400,0
50,4,X2,-1.0600,0
50,5,X19,-4.2300,0
50,6,X17,-2.7700,0
50,7,X17,1.4700,0
51,0,X2,0.0475,0
51,1,X2,1.5000,0
51,2,X17,0.8300,0
51,3,X14,4.0000,0
51,4,X2,-3.6209,0
51,5,X19,3.4000,0
51,6,X2,1.5000,0
51,7,X2,1.5000,0
51,8,X2,4.3718,0
51,9,X19,-0.5172,0
51,10,X2,1.5000,0
51,11,X2,3.7296,0
51,12,X11,4.5200,0
51,13,X2,2.6406,0
51,14,X2,-0.5903,0
51,15,X2,2.5684,0
51,16,X20,-4.1900,0
51,17,X2,-1.1679,0
51,18,X2,3.6901,0
51,19,X2,-1.7851,0
51,20,X2,2.4413,0
51,21,X9,-2.4112,0
51,22,X2,-4.4933,0
51,23,X2,0.6192,0
51,24,X2,1.9768,0
52,0,X2,0.5435,0
52,1,X2,2.1698,0
52,2,X2,0.2013,0
52,3,X2,0.9950,0
52,4,X2,2.7506,0
52,5,X2,4.4088,0
52,6,X2,0.5487,0
52,7,X2,3.8369,0
53,0,X2,3.6872,0
53,1,X2,1.2387,0
53,2,X2,4.3208,0
53,3,X2,3.5323,0
53,4,X2,-0.0372,0
53,5,X2,0.1918,0
53,6,X2,1.5000,0
53,7,X2,1.1571,0
53,8,X2,1.5214,0
53,9,X2,1.5000,0
53,10,X2,-3.9401,0
53,11,X2,4.7416,0
53,12,X2,2.7588,0
53,13,X2,-1.1060,0
54,0,X2,1.9202,0
54,1,X2,2.9328,0
54,2,X1,0.4658,0
54,3,X2,1.0100,0
54,4,X2,-3.7374,0
54,5,X2,4.4746,0
54,6,X2,2.0950,0
54,7,X2,3.4835,0
54,8,X2,3.4690,0
54,9,X2,4.8577,0
54,10,X2,2.0042,0
54,11,X3,2.9065,0
54,12,X2,-3.4829,0
54,13,X1,-4.6091,0
54,14,X2,1.3522,0
54,15,X3,-1.5254,0
54,16,X2,3.5273,0
54,17,X2,1.5000,0
54,18,X2,-0.1739,0
54,19,X2,-1.1091,0
54,20,X2,3.2691,0
55,0,X2,1.1032,0
55,1,X2,0.7782,0
55,2,X1,-3.1497,0
55,3,X2,-1.3526,0
55,4,X2,-3.0290,0
55,5,X2,-0.4543,0
55,6,X2,-0.9600,0
55,7,X2,-1.1828,0
55,8,X2,-4.2868,0
55,9,X2,0.5317,0
55,10,X2,2.4021,0
55,11,X2,1.5000,0
55,12,X2,-0.8754,0
55,13,X2,-4.2908,0
55,14,X2,-1.7232,0
56,0,X2,-0.8861,0
56,1,X2,-0.2208,0
56,2,X2,-0.4006,0
56,3,X2,-2.0019,0
56,4,X2,-0.9122,0
56,5,X2,-0.3356,0
56,6,X2,-0.3345,0
56,7,X2,-1.3933,0
57,0,X2,-0.2021,0
57,1,X2,-3.0749,0
57,2,X2,-1.0325,0
57,3,X2,-2.9067,0
57,4,X2,-3.0769,0
57,5,X2,-1.2586,0
57,6,X2,-4.9142,0
57,7,X2,-3.2533,0
57,8,X2,-4.2793,0
57,9,X2,1.5000,0
58,0,X2,1.5000,0
58,1,X2,1.5000,0
58,2,X2,1.5000,0
58,3,X2,-4.2514,0
58,4,X2,-3.5025,0
58,5,X2,-3.5662,0
58,6,X2,1.5000,0
58,7,X2,-2.2292,0
58,8,X2,-2.8816,0
58,9,X2,-4.3743,0
58,10,X2,-1.2700,0
59,0,X2,-3.4341,0
59,1,X2,-1.7668,0
59,2,X2,1.5000,0
59,3,X2,-2.0144,0
59,4,X2,-4.8382,0
59,5,X2,1.5000,0
59,6,X2,-3.2168,0
59,7,X2,-1.3716,0
59,8,X2,-1.2927,0
59,9,X2,-3.0894,0
59,10,X2,-2.6845,0
59,11,X2,-0.9626,0
60,0,X1,1.5139,0
60,1,X2,-3.3049,0
60,2,X2,-1.1291,0
60,3,X2,0.7620,0
60,4,X5,-0.0563,0
60,5,X2,1.5000,0
60,6,X2,1.4006,0
60,7,X3,-2.4397,0
61,0,X2,0.6198,0
61,1,X2,-0.7150,0
61,2,X3,1.8220,0
61,3,X2,-1.5872,0
61,4,X2,1.5000,0
61,5,X2,1.5000,0
61,6,X1,4.0013,0
61,7,X2,-0.4127,0
61,8,X2,1.5864,0
61,9,X3,-3.4426,0
61,10,X4,3.0000,0
61,11,X2,1.8075,0
61,12,X2,-0.2368,0
61,13,X2,-4.6537,0
61,14,X2,2.6239,0
61,15,X2,1.5000,0
61,16,X1,-0.2450,0
62,0,X2,-3.2265,0
62,1,X2,1.5000,0
62,2,X1,2.4284,0
62,3,X2,2.2933,0
62,4,X2,-2.9681,0
62,5,X3,4.6946,0
62,6,X2,-2.8991,0
62,7,X2,4.7619,0
62,8,X2,-4.9190,0
62,9,X1,-0.8961,0
62,10,X2,3.8254,0
62,11,X2,2.9745,0
62,12,X3,1.2038,0
62,13,X2,-0.9703,0
62,14,X2,2.4820,0
62,15,X1,-2.1010,0
62,16,X2,-3.0946,0
62,17,X2,4.5701,0
62,18,X2,-4.9620,0
63,0,X3,2.9514,0
63,1,X2,1.5000,0
63,2,X2,4.1002,0
63,3,X1,-3.0734,0
63,4,X2,-2.1107,0
63,5,X2,-0.4791,0
63,6,X3,2.8428,0
63,7,X2,-2.2355,0
63,8,X2,-1.8555,0
63,9,X2,-4.6061,0
64,0,X1,-2.6028,0
64,1,X2,-3.7737,0
64,2,X2,1.3748,0
64,3,X3,0.9589,0
64,4,X2,0.4639,0
64,5,X2,1.5000,0
64,6,X1,-1.8642,0
64,7,X2,0.0507,0
65,0,X2,4.8796,0
65,1,X2,0.7919,0
65,2,X3,-3.4765,0
65,3,X2,-3.3623,0
65,4,X2,-2.5921,0
65,5,X1,0.1266,0
65,6,X2,3.4353,0
65,7,X2,-1.1678,0
65,8,X3,2.4708,0
65,9,X2,2.1466,0
66,0,X2,1.5000,0
66,1,X2,-0.8666,0
66,2,X1,2.9090,0
66,3,X2,-3.1402,0
66,4,X2,1.6443,0
66,5,X3,0.2726,0
66,6,X2,4.4168,0
66,7,X2,-1.2190,0
67,0,X1,-0.7876,0
67,1,X2,-3.0857,0
67,2,X2,-0.0602,0
67,3,X2,4.4791,0
67,4,X3,2.2325,0
67,5,X2,-2.2177,0
67,6,X2,-2.7271,0
67,7,X1,-4.5217,0
67,8,X2,-1.5620,0
67,9,X2,1.8444,0
67,10,X3,-3.8920,0
67,11,X2,3.0638,0
67,12,X2,-2.6965,0
67,13,X2,-0.1708,0
68,0,X1,4.7635,0
68,1,X2,-3.6809,0
68,2,X2,3.2974,0
68,3,X3,-2.8386,0
68,4,X2,-3.9567,0
68,5,X2,1.5591,0
68,6,X1,4.7506,0
68,7,X2,0.9398,0
69,0,X2,3.2419,0
69,1,X2,4.4705,0
69,2,X3,-4.1593,0
69,3,X2,1.5000,0
69,4,X2,-1.3400,0
69,5,X1,-0.6643,0
69,6,X2,1.5000,0
69,7,X2,-4.4948,0
69,8,X3,3.7953,0
69,9,X2,-3.2618,0
69,10,X2,2.5162,0
70,0,X2,1.1931,0
70,1,X1,-0.2540,0
70,2,X2,-4.6151,0
70,3,X2,2.9158,0
70,4,X3,3.3536,0
70,5,X2,-4.5304,0
70,6,X2,-0.0510,0
70,7,X1,3.9137,0
70,8,X2,2.9787,0
70,9,X2,4.8932,0
70,10,X2,-3.7782,0
70,11,X3,1.3873,0
70,12,X2,-0.5039,0
70,13,X2,-1.6047,0
70,14,X1,0.2008,0
70,15,X2,-2.7249,0
70,16,X2,2.4946,0
71,0,X3,-1.9635,0
71,1,X2,-4.7952,0
71,2,X2,2.1516,0
71,3,X2,1.4163,0
71,4,X1,4.9591,0
71,5,X2,1.0943,0
71,6,X2,2.1128,0
71,7,X3,1.7892,0
71,8,X2,0.9975,0
71,9,X2,2.8333,0
72,0,X1,-0.5810,0
72,1,X2,2.3419,0
72,2,X2,2.7945,0
72,3,X2,1.5119,0
72,4,X3,2.5534,0
72,5,X2,4.0374,0
72,6,X2,-0.8505,0
73,0,X1,-4.3914,0
73,1,X3,-3.5585,0
73,2,X1,-1.9911,0
73,3,X3,-3.8529,0
73,4,X1,-0.2626,0
73,5,X3,4.8270,0
73,6,X1,3.5931,0
73,7,X3,1.5747,0
73,8,X1,1.6754,0
73,9,X3,-3.9266,0
73,10,X1,-4.8898,0
73,11,X3,4.0706,0
73,12,X1,-1.4225,0
73,13,X3,-4.3723,0
73,14,X1,2.8670,0
74,0,X3,1.4513,0
74,1,X1,2.7540,0
74,2,X3,1.1748,0
74,3,X1,-3.9378,0
74,4,X3,2.3265,0
74,5,X1,-0.7994,0
74,6,X3,2.6335,0
74,7,X1,-1.2237,0
74,8,X3,-2.1391,0
74,9,X1,0.8211,0
74,10,X3,-1.4044,0
74,11,X1,4.1099,0
74,12,X3,-1.4789,0
74,13,X1,-1.2388,0
74,14,X3,-2.6943,0
74,15,X1,-2.4862,0
74,16,X2,1.5000,0
74,17,X2,-2.4998,0
74,18,X2,-2.6451,0
74,19,X3,2.6474,0
74,20,X1,3.7827,0
74,21,X3,2.6557,0
74,22,X1,-4.1941,0
74,23,X2,1.5000,0
75,0,X2,1.5171,0
75,1,X2,3.8681,0
75,2,X2,3.6896,0
75,3,X2,-2.8514,0
75,4,X2,4.9127,0
75,5,X2,1.1602,0
75,6,X2,3.9659,0
75,7,X2,1.5000,0
76,0,X3,-2.5576,0
76,1,X2,1.5000,0
76,2,X2,3.6761,0
76,3,X2,4.7071,0
76,4,X2,1.3377,0
76,5,X2,3.5275,0
76,6,X2,-0.1203,0
76,7,X2,4.0819,0
77,0,X2,-2.7312,0
77,1,X2,1.9209,0
77,2,X2,2.4768,0
77,3,X2,-4.0779,0
77,4,X2,1.5000,0
77,5,X2,4.5372,0
77,6,X1,-0.7245,0
77,7,X2,-4.4539,0
77,8,X2,4.6899,0
77,9,X2,0.8127,0
78,0,X2,0.0759,0
78,1,X2,2.7140,0
78,2,X2,3.2961,0
78,3,X2,2.8422,0
78,4,X2,2.1995,0
78,5,X2,1.5000,0
78,6,X2,1.5000,0
78,7,X2,4.3453,0
78,8,X2,-4.7521,0
79,0,X2,1.5000,0
79,1,X2,1.2953,0
79,2,X2,3.5916,0
79,3,X2,2.5552,0
79,4,X2,-2.9202,0
79,5,X2,3.9408,0
79,6,X3,-3.3969,0
79,7,X2,0.1277,0
79,8,X2,2.5409,0
79,9,X2,-4.8370,0
79,10,X2,0.3866,0
79,11,X2,2.7412,0
79,12,X2,-4.7428,0
79,13,X2,4.1800,0
79,14,X2,-3.1902,0
79,15,X2,-1.3360,0
79,16,X2,-0.4268,0
79,17,X2,2.8467,0
79,18,X2,-2.9619,0
79,19,X2,1.5000,0
79,20,X2,-1.8369,0
79,21,X2,-4.3961,0
79,22,X2,1.5000,0
79,23,X2,-4.3381,0
79,24,X2,-2.9884,0
80,0,X3,1.1663,0
80,1,X1,-0.9113,0
80,2,X3,-3.1655,0
80,3,X1,0.9355,0
80,4,X3,0.8808,0
80,5,X1,3.9730,0
80,6,X3,-3.2158,0
80,7,X1,0.1913,0
80,8,X2,1.4240,0
80,9,X3,4.8881,0
80,10,X2,-4.2950,0
80,11,X1,0.3983,0
80,12,X3,4.4181,0
80,13,X1,-3.9039,0
80,14,X3,3.6450,0
80,15,X2,1.5000,0
80,16,X2,2.5353,0
80,17,X2,-1.4660,0
80,18,X2,-1.0290,0
80,19,X1,-4.9203,0
80,20,X3,-3.4857,0
80,21,X1,4.5083,0
81,0,X3,-2.9145,0
81,1,X1,1.3771,0
81,2,X3,-2.0788,0
81,3,X1,-4.0347,0
81,4,X3,-1.7460,0
81,5,X1,1.9697,0
81,6,X3,-0.8800,0
81,7,X2,-0.5509,0
82,0,X1,-0.5805,0
82,1,X2,-1.3591,0
82,2,X2,-2.1375,0
82,3,X3,1.0496,0
82,4,X2,-4.5487,0
82,5,X3,-1.3790,0
82,6,X2,-0.7014,0
82,7,X1,4.4001,0
83,0,X2,-4.4874,0
83,1,X1,-2.5269,0
83,2,X2,-1.7236,0
83,3,X3,2.6239,0
83,4,X2,-1.9756,0
83,5,X2,-1.9715,0
83,6,X2,1.3702,0
83,7,X2,1.5000,0
84,0,X3,-2.5539,0
84,1,X2,-3.1363,0
84,2,X1,-1.3018,0
84,3,X2,-0.9516,0
84,4,X2,-2.5509,0
84,5,X2,-1.3848,0
84,6,X3,-3.4939,0
84,7,X2,-4.9721,0
84,8,X2,-3.4349,0
84,9,X2,-0.7067,0
84,10,X3,-3.3791,0
84,11,X2,1.5000,0
85,0,X1,0.4709,0
85,1,X2,-3.5289,0
85,2,X2,-3.1418,0
85,3,X2,-1.9300,0
85,4,X3,2.2013,0
85,5,X1,-0.8370,0
85,6,X3,1.9405,0
86,0,X1,-1.4955,0
86,1,X2,-0.3606,0
86,2,X2,-3.4712,0
86,3,X2,1.5000,0
86,4,X3,2.9688,0
86,5,X2,-1.1401,0
86,6,X2,-1.6575,0
87,0,X2,-4.5433,0
87,1,X2,-3.3833,0
87,2,X2,-1.6758,0
87,3,X1,-0.2552,0
87,4,X2,-0.5836,0
87,5,X2,-1.4433,0
87,6,X2,-1.5732,0
87,7,X2,-3.1716,0
87,8,X2,2.7990,0
87,9,X2,1.5000,0
88,0,X2,1.5000,0
88,1,X2,1.5000,0
88,2,X2,-1.5225,0
88,3,X3,4.9723,0
88,4,X2,-0.6253,0
88,5,X2,-0.5287,0
88,6,X2,-2.9021,0
88,7,X2,0.4874,0
88,8,X2,0.0834,0
89,0,X2,4.5286,0
89,1,X2,-2.9841,0
89,2,X2,-2.4924,0
89,3,X2,0.9934,0
89,4,X2,-4.9839,0
89,5,X2,3.4815,0
89,6,X2,3.6478,0
89,7,X2,-1.0563,0
89,8,X2,-3.7663,0
90,0,X2,3.7792,0
90,1,X2,-4.2979,0
90,2,X2,0.8856,0
90,3,X1,1.4183,0
90,4,X2,0.1837,0
90,5,X2,3.5109,0
90,6,X3,3.2986,0
90,7,X1,-4.6855,0
90,8,X2,0.6991,0
90,9,X2,0.1692,0
90,10,X2,2.1070,0
90,11,X2,-3.4686,0
90,12,X2,2.2822,0
90,13,X2,1.2629,0
90,14,X2,4.8538,0
90,15,X1,4.5398,0
90,16,X1,4.6524,0
90,17,X2,-1.2407,0
90,18,X2,-3.4536,0
90,19,X3,3.8295,0
90,20,X1,-2.5527,0
90,21,X2,-2.6133,0
90,22,X3,3.3135,0
90,23,X1,-3.6647,0
90,24,X3,-1.0615,0
91,0,X1,1.0852,0
91,1,X3,2.5168,0
91,2,X2,-4.0601,0
91,3,X1,-1.1318,0
91,4,X3,1.8234,0
91,5,X1,3.6247,0
91,6,X2,-2.1266,0
92,0,X2,-2.9915,0
92,1,X3,-0.4973,0
92,2,X1,2.8549,0
92,3,X2,3.3736,0
92,4,X3,2.2763,0
92,5,X2,-4.3922,0
92,6,X2,1.2616,0
92,7,X2,0.8936,0
93,0,X1,-4.6339,0
93,1,X2,0.4729,0
93,2,X2,4.8593,0
93,3,X3,-0.4158,0
93,4,X2,-0.1158,0
93,5,X2,-4.6062,0
93,6,X2,4.7518,0
93,7,X1,-3.0836,0
93,8,X2,4.2712,0
93,9,X2,-1.1964,0
93,10,X2,-1.6428,0
93,11,X2,1.5000,0
93,12,X3,-1.8184,0
93,13,X2,-4.6814,0
93,14,X2,3.1739,0
93,15,X2,1.7030,0
93,16,X2,-3.9468,0
93,17,X2,4.2615,0
93,18,X2,1.0378,0
94,0,X2,1.5000,0
94,1,X2,-2.8423,0
94,2,X2,-2.5462,0
94,3,X2,1.5000,0
94,4,X2,0.8931,0
94,5,X2,-2.9574,0
94,6,X2,-3.1841,0
94,7,X2,-3.4111,0
94,8,X2,2.3196,0
94,9,X2,-3.5580,0
94,10,X2,4.5364,0
94,11,X2,3.1821,0
95,0,X2,2.9978,0
95,1,X2,2.8465,0
95,2,X2,4.4176,0
95,3,X2,-4.1931,0
95,4,X2,4.6069,0
95,5,X2,-2.6941,0
95,6,X2,-0.1360,0
95,7,X2,-0.3992,0
95,8,X2,-4.8384,0
95,9,X1,-2.3997,0
95,10,X2,-1.7646,0
95,11,X2,1.4648,0
95,12,X2,-1.4169,0
95,13,X2,-4.2701,0
95,14,X2,0.8448,0
96,0,X2,1.5000,0
96,1,X2,2.4579,0
96,2,X2,-1.0631,0
96,3,X3,-2.7898,0
96,4,X2,-0.2760,0
96,5,X1,1.9508,0
96,6,X2,1.5000,0
96,7,X3,2.4546,0
96,8,X2,-4.1479,0
96,9,X2,-3.1282,0
96,10,X2,0.8769,0
97,0,X2,1.5465,0
97,1,X2,3.2500,0
97,2,X2,4.1999,0
97,3,X2,-3.9874,0
97,4,X1,0.3475,0
97,5,X2,0.2799,0
97,6,X2,3.4485,0
97,7,X2,0.2012,0
97,8,X2,1.5000,0
97,9,X2,1.1379,0
97,10,X2,3.9071,0
97,11,X2,0.4169,0
98,0,X2,2.8466,0
98,1,X2,-1.1130,0
98,2,X2,-4.9975,0
98,3,X2,2.5365,0
98,4,X2,1.2451,0
98,5,X2,4.8861,0
98,6,X2,2.3525,0
98,7,X2,4.6265,0
99,0,X2,3.8940,0
99,1,X2,2.6520,0
99,2,X2,0.7730,0
99,3,X2,3.0506,0
99,4,X2,3.9437,0
99,5,X2,4.2812,0
99,6,X2,-1.2739,0
99,7,X2,3.8111,0
99,8,X2,4.8749,0
99,9,X2,-1.4166,0
99,10,X2,-3.3716,0
99,11,X2,4.2820,0
99,12,X2,3.6063,0
100,0,X2,1.5000,0
100,1,X17,4.5500,0
100,2,X19,0.1476,0
100,3,X12,0.7152,0
100,4,X4,3.8790,0
100,5,X2,-3.8495,0
100,6,X2,4.6815,0
100,7,X2,-2.8018,0
100,8,X2,3.6996,0
100,9,X2,-3.0975,0
100,10,X2,3.6226,0
100,11,X2,3.0242,0
101,0,X2,3.9990,0
101,1,X2,-4.9637,0
101,2,X2,4.7287,0
101,3,X2,1.5000,0
101,4,X2,4.7565,0
101,5,X2,1.2450,0
101,6,X2,1.5000,0
101,7,X2,-3.1415,0
101,8,X2,4.8265,0
101,9,X2,-4.4530,0
101,10,X2,4.5449,0
101,11,X2,1.5000,0
101,12,X2,1.8852,0
101,13,X2,1.5000,0
101,14,X2,4.9168,0
101,15,X2,-1.8157,0
101,16,X2,-1.7181,0
101,17,X2,-1.2564,0
101,18,X2,-0.2886,0
101,19,X2,-0.5654,0
101,20,X2,-3.3569,0
101,21,X2,-0.5821,0
101,22,X2,-2.1032,0
102,0,X2,0.2401,0
102,1,X2,3.9739,0
102,2,X2,-3.2805,0
102,3,X2,-3.9258,0
102,4,X1,-1.6275,0
102,5,X2,-2.5632,0
102,6,X2,1.5000,0
102,7,X3,-0.4257,0
102,8,X3,-0.6384,0
103,0,X2,-2.4764,0
103,1,X2,-0.7999,0
103,2,X2,-1.9953,0
103,3,X2,-3.1867,0
103,4,X2,0.5007,0
103,5,X1,4.4219,0
103,6,X2,4.7953,0
103,7,X2,-0.5313,0
104,0,X1,-1.8839,0
104,1,X2,-4.7039,0
104,2,X2,4.0349,0
104,3,X3,3.3433,0
104,4,X2,-0.5368,0
104,5,X2,-2.7831,0
104,6,X2,-3.4442,0
104,7,X1,2.4291,0
104,8,X2,-0.4475,0
104,9,X2,-0.5444,0
104,10,X3,2.5846,0
105,0,X2,-1.9834,0
105,1,X2,-0.8165,0
105,2,X1,-2.2413,0
105,3,X2,-0.8185,0
105,4,X2,-3.7863,0
105,5,X2,-1.0954,0
105,6,X3,-1.1741,0
105,7,X2,-0.2296,0
105,8,X2,-1.6370,0
106,0,X1,3.5223,0
106,1,X2,-0.9342,0
106,2,X2,1.5000,0
106,3,X3,3.4943,0
106,4,X2,-0.1321,0
106,5,X2,-0.0451,0
106,6,X2,-2.2636,0
106,7,X1,-1.6624,0
107,0,X2,-3.8621,0
107,1,X2,-3.4354,0
107,2,X3,3.0590,0
107,3,X2,-3.3862,0
107,4,X2,-2.1976,0
107,5,X1,0.9797,0
107,6,X2,-1.4206,0
107,7,X2,-0.2196,0
107,8,X2,-4.5889,0
108,0,X3,-0.0551,0
108,1,X2,-3.8708,0
108,2,X2,-4.8961,0
108,3,X1,3.4790,0
108,4,X2,-0.1043,0
108,5,X2,-3.6822,0
108,6,X3,-3.6551,0
109,0,X2,-2.3086,0
109,1,X2,-2.6213,0
109,2,X2,-1.4122,0
109,3,X1,1.1881,0
109,4,X2,-4.1433,0
109,5,X2,-0.6621,0
109,6,X3,2.2776,0
110,0,X2,4.7137,0
110,1,X2,-1.6267,0
110,2,X1,1.8132,0
110,3,X2,3.5606,0
110,4,X2,-2.3511,0
110,5,X2,-1.2059,0
110,6,X3,4.4615,0
110,7,X2,-2.9621,0
111,0,X2,1.7758,0
111,1,X1,4.8564,0
111,2,X2,1.5000,0
111,3,X2,-3.1343,0
111,4,X3,4.0515,0
111,5,X2,-4.0576,0
111,6,X2,4.3605,0
111,7,X2,3.5318,0
112,0,X1,0.3759,0
112,1,X2,-3.4417,0
112,2,X2,-0.4988,0
112,3,X3,0.4798,0
112,4,X2,-2.2277,0
112,5,X2,0.9417,0
112,6,X1,2.0764,0
112,7,X2,3.3176,0
113,0,X2,-3.0291,0
113,1,X2,-4.0098,0
113,2,X3,0.6125,0
113,3,X2,3.8537,0
113,4,X2,-0.2661,0
113,5,X1,0.3429,0
113,6,X2,1.5000,0
113,7,X2,-2.3801,0
113,8,X3,3.9236,0
114,0,X2,1.0337,0
114,1,X2,3.4469,0
114,2,X2,-0.8435,0
114,3,X1,-3.5833,0
114,4,X2,2.1142,0
114,5,X2,-0.6066,0
114,6,X3,4.0108,0
115,0,X2,3.1327,0
115,1,X2,-3.8851,0
115,2,X1,4.4350,0
115,3,X2,1.9910,0
115,4,X2,0.5970,0
115,5,X2,-2.5102,0
115,6,X3,-3.1552,0
115,7,X2,-1.9234,0
115,8,X2,-0.3319,0
115,9,X1,-1.5865,0
115,10,X2,-3.9968,0
115,11,X2,-4.6818,0
115,12,X3,-2.5422,0
115,13,X2,1.5000,0
116,0,X2,-1.9071,0
116,1,X2,0.5190,0
116,2,X1,-2.7548,0
116,3,X2,3.2443,0
116,4,X2,-1.9198,0
116,5,X3,-0.4502,0
116,6,X2,1.8007,0
116,7,X2,4.9957,0
117,0,X1,2.1069,0
117,1,X2,-0.7993,0
117,2,X2,3.6672,0
117,3,X2,1.9944,0
117,4,X3,1.5933,0
117,5,X2,-1.1801,0
117,6,X2,-4.4567,0
117,7,X1,-2.8282,0
118,0,X3,-0.5702,0
118,1,X1,0.6336,0
118,2,X3,-0.3142,0
118,3,X1,1.1232,0
118,4,X3,-4.9133,0
118,5,X1,-2.9699,0
118,6,X3,0.8345,0
118,7,X1,0.6189,0
119,0,X3,-3.4172,0
119,1,X1,4.7612,0
119,2,X3,-1.1905,0
119,3,X1,4.3094,0
119,4,X3,0.6678,0
119,5,X1,-1.9990,0
119,6,X3,4.6158,0
119,7,X1,2.9932,0
