episode,step,target,value,total_loss,loss_X1,loss_X2,loss_X3,loss_X4,loss_X5,loss_X6,loss_X7,loss_X8,loss_X9,loss_X10,loss_X11,loss_X12,loss_X13,loss_X14,loss_X15,loss_X16,loss_X17,loss_X18,loss_X19,loss_X20,loss_X21,loss_X22,loss_X23,loss_X24,loss_X25,loss_X26,loss_X27,loss_X28,loss_X29,loss_X30,env_queries_executed,env_queries_candidate_probe,env_queries_observational,env_queries_total
0,0,X1,-4.063047601384076,10.433138551190495,0.9467874765396118,0.9363635182380676,1.118963360786438,0.9796670079231262,0.9936866164207458,0.026134392246603966,0.3540729582309723,0.06312011182308197,0.2225106656551361,0.73943030834198,0.044004447758197784,0.13512347638607025,0.6270968914031982,0.07629713416099548,0.09329526126384735,0.0267777256667614,0.02669948898255825,0.3009277284145355,0.031026439741253853,0.0622502826154232,0.028769101947546005,0.3160020112991333,0.07116299122571945,0.6890902519226074,0.5554738640785217,0.05343826115131378,0.1576664298772812,0.04165516793727875,0.11620055139064789,0.5994446277618408,15000,450000,19200,484200
0,1,X3,-1.2007269936266263,7.619573948904872,0.9467659592628479,0.9376717805862427,1.120957612991333,0.9974483847618103,1.0041261911392212,0.06411640346050262,0.06494443118572235,0.028514735400676727,0.07996324449777603,0.586123526096344,0.026295004412531853,0.0639912560582161,0.17702993750572205,0.04958871006965637,0.03362194076180458,0.0321880541741848,0.03589021787047386,0.0780612975358963,0.02744024060666561,0.022624816745519638,0.06171520799398422,0.2847306728363037,0.04434451833367348,0.17395518720149994,0.2825528383255005,0.0307802502065897,0.041345980018377304,0.02896679751574993,0.026899347081780434,0.26691940426826477,15000,450000,19200,484200
0,2,X25,-2.1061203639789285,6.2932788245379925,0.9467703700065613,0.9427933096885681,1.115522027015686,1.0204567909240723,0.9941878318786621,0.07427344471216202,0.03660303354263306,0.02974572218954563,0.06368953734636307,0.10878065973520279,0.027297504246234894,0.08316709846258163,0.04193666949868202,0.03544892743229866,0.027764899656176567,0.03270334005355835,0.026754818856716156,0.07566296309232712,0.026742862537503242,0.022607505321502686,0.06907662749290466,0.1216520145535469,0.037173233926296234,0.053800471127033234,0.10221327096223831,0.025946613401174545,0.034651488065719604,0.0309173334389925,0.029111403971910477,0.055827051401138306,15000,450000,19200,484200
0,3,X8,-3.3659750623807163,6.043272936716676,0.9474855661392212,0.935878574848175,1.1161836385726929,1.0011709928512573,1.0086698532104492,0.06092500314116478,0.06959177553653717,0.023563090711832047,0.0739365965127945,0.06636557728052139,0.024983933195471764,0.07637208700180054,0.030889518558979034,0.037105780094861984,0.046459924429655075,0.02410144731402397,0.030870383605360985,0.05273984372615814,0.026443157345056534,0.0301655400544405,0.06927607953548431,0.03307409957051277,0.03269380331039429,0.0380110926926136,0.03623611479997635,0.02625354938209057,0.038986772298812866,0.02733655460178852,0.028022591024637222,0.029479995369911194,15000,450000,19200,484200
0,4,X27,-4.678997560959623,6.047459693625569,0.9465258121490479,0.9361761808395386,1.116491436958313,0.9950284957885742,1.0050441026687622,0.05925612896680832,0.07058394700288773,0.024599872529506683,0.07047583162784576,0.07697421312332153,0.024843070656061172,0.07610488682985306,0.030365776270627975,0.03735838830471039,0.046912744641304016,0.025194894522428513,0.03222797438502312,0.058832455426454544,0.025995740666985512,0.0325508639216423,0.0650603249669075,0.03280280902981758,0.03107299469411373,0.03658999875187874,0.04147997871041298,0.026206405833363533,0.03810955584049225,0.027374884113669395,0.028605405241250992,0.02861451916396618,15000,450000,19200,484200
0,5,X18,-2.3725839147706473,6.030621284618974,0.949003279209137,0.9360010027885437,1.117112398147583,0.9904628396034241,1.0033531188964844,0.06032747030258179,0.07026895135641098,0.02469499595463276,0.07963711768388748,0.0736931711435318,0.024786343798041344,0.07424717396497726,0.026645325124263763,0.03544369712471962,0.03694634139537811,0.02506851963698864,0.029807398095726967,0.058538444340229034,0.02649233676493168,0.03379672393202782,0.06390240788459778,0.03302440047264099,0.030378958210349083,0.03219855576753616,0.0437634214758873,0.025711540132761,0.03691631555557251,0.0274379700422287,0.031862810254096985,0.029098255559802055,15000,450000,19200,484200
0,6,X25,1.4096179857980804,6.023149844259024,0.9464609622955322,0.9364290833473206,1.1161929368972778,0.9864532351493835,0.9966444969177246,0.05783510580658913,0.07412216067314148,0.0225124079734087,0.06448709964752197,0.09348983317613602,0.024160319939255714,0.09193093329668045,0.025060823187232018,0.025838207453489304,0.04132552072405815,0.025168245658278465,0.02883184887468815,0.05069407448172569,0.026925692334771156,0.023202966898679733,0.06551346182823181,0.03302806615829468,0.02907402813434601,0.0307732205837965,0.048974208533763885,0.024303313344717026,0.03904561698436737,0.027636954560875893,0.03443359583616257,0.03260142356157303,15000,450000,19200,484200
0,7,X6,-0.4627629367079358,6.014213217422366,0.9475444555282593,0.9374198317527771,1.1158660650253296,0.9879521727561951,0.9944379925727844,0.05810781940817833,0.07194890081882477,0.02209651842713356,0.06835582107305527,0.08741757273674011,0.024177761748433113,0.08832355588674545,0.02441253513097763,0.025523709133267403,0.042355600744485855,0.025238610804080963,0.02920311689376831,0.05260062590241432,0.026913609355688095,0.023639509454369545,0.06335514783859253,0.033113885670900345,0.0288782250136137,0.029980255290865898,0.04918705299496651,0.02435150556266308,0.038711272180080414,0.02789679355919361,0.03239608556032181,0.032807208597660065,15000,450000,19200,484200
0,8,X26,-1.9248587459733857,6.006639273837209,0.9474413990974426,0.9376158714294434,1.116821050643921,0.9853527545928955,0.9949485659599304,0.0603918693959713,0.06500529497861862,0.02239135093986988,0.07107991725206375,0.0888596773147583,0.024179605767130852,0.08871607482433319,0.02506251633167267,0.024636076763272285,0.03830639645457268,0.024945778772234917,0.029319170862436295,0.05601392313838005,0.026214884594082832,0.023246847093105316,0.0640454813838005,0.031290337443351746,0.028419269248843193,0.028365904465317726,0.04993988946080208,0.024339307099580765,0.03754181042313576,0.02785787358880043,0.030890896916389465,0.03339947760105133,15000,450000,19200,484200
0,9,X25,2.2993106908997616,5.957524934783578,0.9458480477333069,0.9363348484039307,1.1158496141433716,0.9881192445755005,0.9977254867553711,0.05433502420783043,0.04774390533566475,0.022152544930577278,0.06576166301965714,0.07894183695316315,0.023931466042995453,0.08351884037256241,0.025455718860030174,0.026175769045948982,0.03915105387568474,0.022783100605010986,0.036185380071401596,0.043334901332855225,0.028324028477072716,0.02328202873468399,0.050989121198654175,0.03358769789338112,0.028238950297236443,0.028203455731272697,0.051043398678302765,0.02495589666068554,0.03527485206723213,0.027566663920879364,0.03292394056916237,0.039786454290151596,15000,450000,19200,484200
0,10,X11,-4.291426501113466,5.950370093807578,0.9464178085327148,0.9362499713897705,1.115797996520996,0.986679196357727,0.9998593926429749,0.05468839034438133,0.046335164457559586,0.021769339218735695,0.06433044373989105,0.07854357361793518,0.02382226288318634,0.08122552186250687,0.02565077319741249,0.025242656469345093,0.03962535038590431,0.02289406582713127,0.036230724304914474,0.04396248236298561,0.028250882402062416,0.02284843660891056,0.049912527203559875,0.03101770207285881,0.028402158990502357,0.02845490165054798,0.051344357430934906,0.025577817112207413,0.03573360666632652,0.0277525894343853,0.03284329175949097,0.03890670835971832,15000,450000,19200,484200
0,11,X5,2.2335256588097083,5.928495019674301,0.9465516209602356,0.9361584186553955,1.1154029369354248,0.9866843819618225,1.0000154972076416,0.05392005294561386,0.042609747499227524,0.021744588389992714,0.05994917079806328,0.07918113470077515,0.02400876209139824,0.077592633664608,0.02591947838664055,0.0255722813308239,0.03897334262728691,0.022281454876065254,0.032135602086782455,0.0439906045794487,0.0280710868537426,0.02376134693622589,0.051318105310201645,0.02904178574681282,0.028383633121848106,0.025317396968603134,0.05147816613316536,0.024564258754253387,0.03486400097608566,0.02780221588909626,0.032023098319768906,0.039178214967250824,15000,450000,19200,484200
0,12,X18,-0.5138645216686815,5.907203748822212,0.9456300735473633,0.9358972311019897,1.1153920888900757,0.9849370121955872,1.0020300149917603,0.05685656517744064,0.04538608714938164,0.02231818251311779,0.050648968666791916,0.06861502677202225,0.023817220702767372,0.06701365858316422,0.031064080074429512,0.023210538551211357,0.046425752341747284,0.021359344944357872,0.03393111750483513,0.047876812517642975,0.028354182839393616,0.026284946128726006,0.04016157612204552,0.03134441748261452,0.028155406937003136,0.024253079667687416,0.05212540924549103,0.024726882576942444,0.032951802015304565,0.027038997039198875,0.029285067692399025,0.04011220484972,15000,450000,19200,484200
0,13,X3,4.263669830081277,5.903305482119322,0.9453254342079163,0.9358811378479004,1.115391731262207,0.9843668341636658,1.0027744770050049,0.058072030544281006,0.046095918864011765,0.0221566129475832,0.05058169737458229,0.07878591865301132,0.023779582232236862,0.06693103164434433,0.02607039175927639,0.023052023723721504,0.04558312147855759,0.02135423943400383,0.03409286215901375,0.04868210107088089,0.028439609333872795,0.026424305513501167,0.03883036598563194,0.03066772222518921,0.028105316683650017,0.023706426844000816,0.043901439756155014,0.024274833500385284,0.03397288918495178,0.027161139994859695,0.028499754145741463,0.04034453257918358,15000,450000,19200,484200
0,14,X10,-0.7699251400983709,5.897104857489467,0.9460108876228333,0.9358887672424316,1.1153767108917236,0.9840275645256042,1.0018826723098755,0.05572519451379776,0.046406958252191544,0.02172558195888996,0.048729851841926575,0.0771971344947815,0.023936042562127113,0.06770522147417068,0.026066405698657036,0.023460902273654938,0.04567535221576691,0.021257556974887848,0.03236467018723488,0.04850034788250923,0.028216056525707245,0.027339495718479156,0.03955131396651268,0.02992424927651882,0.028296081349253654,0.024046674370765686,0.043653279542922974,0.024249142035841942,0.03372196853160858,0.027198944240808487,0.028571976348757744,0.040397852659225464,15000,450000,19200,484200
0,15,X22,0.8367228929122472,5.879741007462144,0.9463059306144714,0.9358946084976196,1.115458607673645,0.9863767027854919,1.002469778060913,0.05562606081366539,0.05317544564604759,0.021241914480924606,0.04974929988384247,0.07386725395917892,0.024438323453068733,0.0555330365896225,0.025571633130311966,0.022045401856303215,0.03739546239376068,0.0210647564381361,0.03161634877324104,0.04633977636694908,0.026960663497447968,0.03151610866189003,0.03817056864500046,0.02798631228506565,0.028392601758241653,0.02313157543540001,0.04293225333094597,0.025589456781744957,0.03477242961525917,0.027318136766552925,0.029287928715348244,0.03951263055205345,15000,450000,19200,484200
0,16,X17,-2.3479958524959867,5.876957470551133,0.9458813071250916,0.9358874559402466,1.1154547929763794,0.9885157942771912,1.002785563468933,0.05655304342508316,0.050883110612630844,0.021057749167084694,0.05196449160575867,0.07167169451713562,0.02449284866452217,0.05435291677713394,0.025222010910511017,0.022034035995602608,0.03671957552433014,0.021082263439893723,0.0316087007522583,0.04548636078834534,0.026969220489263535,0.031159095466136932,0.03782641515135765,0.02895244210958481,0.028336483985185623,0.023337719962000847,0.04278028756380081,0.025916576385498047,0.034794680774211884,0.02743832767009735,0.02945174276828766,0.03834076225757599,15000,450000,19200,484200
0,17,X1,1.6786320371258352,5.874356422573328,0.9458924531936646,0.9358785152435303,1.1155505180358887,0.9881025552749634,1.0029315948486328,0.05550169199705124,0.0502576008439064,0.021082285791635513,0.05059127137064934,0.07673495262861252,0.024594012647867203,0.05272568389773369,0.025087041780352592,0.02186615765094757,0.03508225455880165,0.02109319530427456,0.0316300131380558,0.04543446749448776,0.026853175833821297,0.030317867174744606,0.037851933389902115,0.02845083922147751,0.028342800214886665,0.023166578263044357,0.0434604212641716,0.02558252029120922,0.0354643240571022,0.027348045259714127,0.02884211763739586,0.03863953426480293,15000,450000,19200,484200
0,18,X30,3.4610371329485545,5.885661039501429,0.9463937282562256,0.935920774936676,1.1157480478286743,0.9873374700546265,1.0031744241714478,0.057431768625974655,0.05300770699977875,0.020904062315821648,0.053547877818346024,0.0831761285662651,0.024373061954975128,0.04985532909631729,0.02668742462992668,0.02171875722706318,0.033288680016994476,0.02108970284461975,0.03178546205163002,0.04505414515733719,0.026467403396964073,0.030850855633616447,0.03943921998143196,0.02738698199391365,0.02804652228951454,0.023246346041560173,0.04260833561420441,0.02560795284807682,0.03680011257529259,0.027057180181145668,0.02865237556397915,0.03900320082902908,15000,450000,19200,484200
0,19,X27,-1.3078401548780825,5.8874795865267515,0.9468286037445068,0.9359328746795654,1.115795373916626,0.9866306781768799,1.0034570693969727,0.0588206946849823,0.05191102623939514,0.020882995799183846,0.052726853638887405,0.08477192372083664,0.024237295612692833,0.051011715084314346,0.026526330038905144,0.021725185215473175,0.032955873757600784,0.021045517176389694,0.03190776705741882,0.04687242954969406,0.02623598650097847,0.03001919947564602,0.039872024208307266,0.027274783700704575,0.02787500061094761,0.023082086816430092,0.04163782671093941,0.025561297312378883,0.03682598099112511,0.02708933874964714,0.028711825609207153,0.03925402835011482,15000,450000,19200,484200
0,20,X30,4.298810156936744,5.885410226881504,0.9466127753257751,0.93601393699646,1.1159319877624512,0.9872170090675354,1.0036523342132568,0.058957427740097046,0.050804078578948975,0.020856494084000587,0.05328308790922165,0.08366215974092484,0.024217957630753517,0.05096466839313507,0.026593774557113647,0.021723300218582153,0.03295506164431572,0.021014271304011345,0.03154907748103142,0.045865096151828766,0.02619852125644684,0.030144955962896347,0.03981678560376167,0.027316108345985413,0.027775874361395836,0.023204350844025612,0.04142189770936966,0.025594105944037437,0.03682379052042961,0.027156071737408638,0.02879180945456028,0.03929145634174347,15000,450000,19200,484200
0,21,X8,-2.3319429040552797,5.864358147606254,0.9470714330673218,0.9361278414726257,1.1162141561508179,0.9893216490745544,1.0009444952011108,0.05392307788133621,0.04737330228090286,0.02083725295960903,0.056238964200019836,0.07833932340145111,0.024351228028535843,0.05220996215939522,0.026763804256916046,0.02165425941348076,0.0315486341714859,0.02106652222573757,0.030450250953435898,0.04242987185716629,0.025969764217734337,0.028841426596045494,0.0381585992872715,0.02788936160504818,0.027432644739747047,0.02275090664625168,0.04158252477645874,0.025690926238894463,0.035862382501363754,0.027298666536808014,0.028361700475215912,0.03765321522951126,15000,450000,19200,484200
0,22,X3,4.6688910404836115,5.862266443669796,0.9471835494041443,0.936068058013916,1.1162352561950684,0.9888123869895935,1.0009171962738037,0.053798068314790726,0.047875888645648956,0.020861342549324036,0.05463367700576782,0.07770099490880966,0.024113614112138748,0.05273980647325516,0.026315467432141304,0.021685993298888206,0.029770202934741974,0.021018577739596367,0.029915425926446915,0.04271579906344414,0.025887835770845413,0.02832735702395439,0.03817290812730789,0.027880748733878136,0.027271892875432968,0.022603172808885574,0.04474763944745064,0.026381628587841988,0.03577066957950592,0.0273898933082819,0.027911920100450516,0.037559472024440765,15000,450000,19200,484200
0,23,X27,0.3621573247872192,5.859917489811778,0.9469612836837769,0.9361034631729126,1.116080641746521,0.9883314371109009,1.0004713535308838,0.054257672280073166,0.0477401502430439,0.020891932770609856,0.053939998149871826,0.07614202797412872,0.02423587255179882,0.05300196632742882,0.026739295572042465,0.02171587198972702,0.03018747642636299,0.020955557003617287,0.02986692637205124,0.04317716881632805,0.02582390233874321,0.028195476159453392,0.038265541195869446,0.027693551033735275,0.027132898569107056,0.02265958860516548,0.04423239827156067,0.026289211586117744,0.03585783764719963,0.02737061306834221,0.02789991721510887,0.03769645839929581,15000,450000,19200,484200
0,24,X14,-4.983087217813705,5.855705222114921,0.9469314217567444,0.9359719753265381,1.1157004833221436,0.9868131279945374,0.9991145133972168,0.05672556906938553,0.048300329595804214,0.02089930884540081,0.05360580235719681,0.07920793443918228,0.023891611024737358,0.049766916781663895,0.0265794824808836,0.0216338112950325,0.030229171738028526,0.020947173237800598,0.030228232964873314,0.04201919585466385,0.025550981983542442,0.030311863869428635,0.037276491522789,0.02635366842150688,0.02673521265387535,0.0226084403693676,0.04371463879942894,0.02710798569023609,0.036529313772916794,0.02697695605456829,0.0273739006370306,0.03659970685839653,15000,450000,19200,484200
1,0,X13,1.7731794527273292,8.427264083176851,0.9634069800376892,0.9475400447845459,1.1200859546661377,0.9882939457893372,0.999318540096283,0.02954985946416855,0.3220599889755249,0.04639207199215889,0.28005415201187134,0.4067354202270508,0.0587737150490284,0.03745896369218826,0.1865716576576233,0.10859334468841553,0.2461307793855667,0.14548110961914062,0.13399958610534668,0.07456469535827637,0.039177555590867996,0.054753247648477554,0.03398117423057556,0.21225059032440186,0.046804945915937424,0.1841333508491516,0.24487829208374023,0.0596972331404686,0.1558215469121933,0.06768389046192169,0.0800102949142456,0.1530611515045166,15000,450000,19200,484200
1,1,X20,-1.648117445901991,6.2627354227006435,0.9584859609603882,0.9473342895507812,1.128291130065918,0.9929438233375549,0.9915306568145752,0.04477960243821144,0.05444289371371269,0.028024714440107346,0.06645900011062622,0.1516077220439911,0.034029845148324966,0.055538617074489594,0.0794074684381485,0.038605935871601105,0.0528196319937706,0.04552537575364113,0.03853042423725128,0.03156832978129387,0.025634896010160446,0.022854572162032127,0.051228251308202744,0.052696697413921356,0.026701033115386963,0.06090925261378288,0.06659088283777237,0.030606934800744057,0.06009997799992561,0.037772420793771744,0.03837861120700836,0.049336470663547516,15000,450000,19200,484200
1,2,X13,-0.05622830989563088,6.10329083353281,0.9540941119194031,0.9535950422286987,1.1189091205596924,0.982650637626648,0.9965513944625854,0.04033747315406799,0.04349331557750702,0.023764481768012047,0.05561021715402603,0.14726372063159943,0.028029071167111397,0.05958295986056328,0.0764646902680397,0.027772100642323494,0.050358887761831284,0.03791460022330284,0.033765021711587906,0.02958700619637966,0.027486976236104965,0.027533574029803276,0.052107781171798706,0.04297363758087158,0.027946436777710915,0.03364507853984833,0.039671316742897034,0.028453843668103218,0.05596122145652771,0.038711030036211014,0.029520248994231224,0.03953583538532257,15000,450000,19200,484200
1,3,X22,0.3113188585558868,6.084314968436956,0.9476247429847717,0.9460085034370422,1.1179964542388916,0.9853318333625793,0.9987553358078003,0.032875899225473404,0.07501564174890518,0.022205475717782974,0.09824015945196152,0.14024755358695984,0.028114493936300278,0.03816748782992363,0.025470074266195297,0.02328386902809143,0.04735903814435005,0.025040604174137115,0.029158201068639755,0.03268872946500778,0.02401798963546753,0.05459950119256973,0.07082249224185944,0.025167472660541534,0.02579863928258419,0.037114378064870834,0.05776119977235794,0.026783602312207222,0.05898996815085411,0.026539966464042664,0.027061589062213898,0.03607407212257385,15000,450000,19200,484200
1,4,X15,3.972081032332621,6.049630973488092,0.9463459253311157,0.9450232982635498,1.1184433698654175,0.9822998642921448,0.996266782283783,0.03759073466062546,0.07197017967700958,0.021898437291383743,0.09438859671354294,0.14114190638065338,0.025055354461073875,0.04102679714560509,0.025244388729333878,0.023090407252311707,0.046109236776828766,0.024427039548754692,0.0277803186327219,0.03659803047776222,0.024034112691879272,0.042009174823760986,0.06519851833581924,0.025955792516469955,0.026234501972794533,0.03672954440116882,0.055429402738809586,0.026676595211029053,0.05295591801404953,0.026318777352571487,0.026462126523256302,0.03692584112286568,15000,450000,19200,484200
1,5,X11,3.9302683279031676,6.023410173133016,0.9462336897850037,0.9494654536247253,1.1166735887527466,0.9802219271659851,0.9977517127990723,0.03633826971054077,0.06708710640668869,0.023178111761808395,0.09101824462413788,0.12748217582702637,0.025145413354039192,0.042517226189374924,0.024176647886633873,0.022412508726119995,0.04101717099547386,0.02436053194105625,0.027058500796556473,0.04022308439016342,0.024137133732438087,0.043226223438978195,0.0620059110224247,0.025770526379346848,0.02632155641913414,0.03723936900496483,0.05039013549685478,0.027356190606951714,0.05663899704813957,0.026355354115366936,0.025951644405722618,0.03565576672554016,15000,450000,19200,484200
1,6,X27,-0.8097871737017819,5.950538827106357,0.9469489455223083,0.9456397294998169,1.115356683731079,0.9793331027030945,0.9956247210502625,0.03436638042330742,0.07531984895467758,0.02183249033987522,0.05709071829915047,0.08324319869279861,0.024222230538725853,0.04976137727499008,0.025494730100035667,0.02213561162352562,0.03049970604479313,0.023306388407945633,0.026980966329574585,0.0505002923309803,0.024252550676465034,0.04965747892856598,0.051373641937971115,0.024640647694468498,0.027535047382116318,0.03611002489924431,0.0502474382519722,0.026102816686034203,0.06013272702693939,0.027360865846276283,0.026927074417471886,0.038541391491889954,15000,450000,19200,484200
1,7,X1,-1.1114279675387193,5.942468320950866,0.9470089077949524,0.9418914318084717,1.1153464317321777,0.9796809554100037,0.9939330220222473,0.036412425339221954,0.07382560521364212,0.02165568433701992,0.05413591489195824,0.09479138255119324,0.024121519178152084,0.04956524446606636,0.025921771302819252,0.022421948611736298,0.03010794147849083,0.023026684299111366,0.025295807048678398,0.04938758909702301,0.024146227166056633,0.04375540837645531,0.053186774253845215,0.023905381560325623,0.027368586510419846,0.03378096967935562,0.048840317875146866,0.02678016573190689,0.05860792100429535,0.026987049728631973,0.027293261140584946,0.039285991340875626,15000,450000,19200,484200
1,8,X11,-2.8833971578851845,5.92432421259582,0.9459416270256042,0.9389779567718506,1.1153720617294312,0.9804633855819702,0.9947028160095215,0.03680020570755005,0.07160015404224396,0.02141866274178028,0.055355437099933624,0.09043055027723312,0.024141374975442886,0.04768595099449158,0.02414710260927677,0.022310011088848114,0.029129547998309135,0.022601237520575523,0.024978702887892723,0.04844802990555763,0.02422979846596718,0.04174916818737984,0.05225043743848801,0.02392733283340931,0.02756691910326481,0.03235564008355141,0.04819322004914284,0.026021724566817284,0.05899140238761902,0.026958130300045013,0.028228001669049263,0.03934762254357338,15000,450000,19200,484200
1,9,X4,0.6396958193001909,5.89390186406672,0.9460248947143555,0.9392358064651489,1.1154628992080688,0.9775660037994385,0.9945729374885559,0.033472780138254166,0.05591408535838127,0.02543661743402481,0.0485907644033432,0.11080187559127808,0.024306802079081535,0.04212477430701256,0.02447417564690113,0.024101601913571358,0.02722315676510334,0.02291494980454445,0.02579231560230255,0.041449546813964844,0.02466122806072235,0.04635697603225708,0.04867193102836609,0.023072224110364914,0.02909356914460659,0.03151445463299751,0.044531550258398056,0.02726188860833645,0.046444475650787354,0.026465611532330513,0.028736304491758347,0.03762566298246384,15000,450000,19200,484200
1,10,X21,-2.571506194628679,5.884018287062645,0.9460254311561584,0.9387608766555786,1.115383505821228,0.9786180257797241,0.9939557909965515,0.03237568587064743,0.05295367166399956,0.02584158256649971,0.047862738370895386,0.1073576882481575,0.024288689717650414,0.042951058596372604,0.024151934310793877,0.024799007922410965,0.026687458157539368,0.024130675941705704,0.026131488382816315,0.04251967370510101,0.024749387055635452,0.044235214591026306,0.04855921119451523,0.022833695635199547,0.028938066214323044,0.030526813119649887,0.04545652121305466,0.026370128616690636,0.04330288618803024,0.026379255577921867,0.029114386066794395,0.03875773772597313,15000,450000,19200,484200
1,11,X1,3.4957562699957734,5.887314938008785,0.9460241198539734,0.9386240243911743,1.1153639554977417,0.9784777760505676,0.9936636090278625,0.031502071768045425,0.054678983986377716,0.02608613669872284,0.048745643347501755,0.11299323290586472,0.024252677336335182,0.04450393095612526,0.025530265644192696,0.024576034396886826,0.025994611904025078,0.024222668260335922,0.026534663513302803,0.04177729785442352,0.024748969823122025,0.044860340654850006,0.04732454940676689,0.02231990359723568,0.028935618698596954,0.029707130044698715,0.044014595448970795,0.026208017021417618,0.04223591461777687,0.02603498473763466,0.02869747392833233,0.038675736635923386,15000,450000,19200,484200
1,12,X27,2.3102621430512222,5.864910235628486,0.945111870765686,0.9395322203636169,1.1162135601043701,0.9778165221214294,0.9929582476615906,0.03598272055387497,0.05300027132034302,0.021776501089334488,0.04965607449412346,0.10181856900453568,0.024768618866801262,0.04323712736368179,0.02443115785717964,0.025571955367922783,0.02276151068508625,0.026936229318380356,0.025274988263845444,0.046961478888988495,0.02424822561442852,0.04870307818055153,0.03937138244509697,0.022248080000281334,0.02973906882107258,0.02891615591943264,0.040470682084560394,0.026580864563584328,0.04090965539216995,0.025976406410336494,0.029665641486644745,0.034271370619535446,15000,450000,19200,484200
1,13,X22,-1.2101069587173594,5.85556897893548,0.9448952674865723,0.9389963150024414,1.1163675785064697,0.9777933359146118,0.9924777150154114,0.0355973020195961,0.050982482731342316,0.022147569805383682,0.049810443073511124,0.09762247651815414,0.024694066494703293,0.04325573518872261,0.02431410178542137,0.025533363223075867,0.023210065439343452,0.02554333768785,0.025426795706152916,0.04642265662550926,0.02443825453519821,0.04937078058719635,0.03759724646806717,0.02226823940873146,0.02968580834567547,0.028957292437553406,0.04061361774802208,0.026573961600661278,0.04132959619164467,0.0271940678358078,0.02969702146947384,0.03275248408317566,15000,450000,19200,484200
1,14,X23,-2.5669483612324284,5.859470637515187,0.9449366331100464,0.9386454820632935,1.11655592918396,0.978549599647522,0.9926367402076721,0.03529224917292595,0.05262391269207001,0.022255655378103256,0.04907941818237305,0.09693802893161774,0.024969272315502167,0.044394489377737045,0.024298232048749924,0.026733316481113434,0.023058272898197174,0.025326641276478767,0.02554243616759777,0.04635513946413994,0.0245133675634861,0.049952514469623566,0.03738364204764366,0.022309040650725365,0.029626119881868362,0.028828071430325508,0.04049713909626007,0.02640729956328869,0.0417809933423996,0.027342811226844788,0.029641978442668915,0.03299621120095253,15000,450000,19200,484200
1,15,X25,1.9016355414055166,5.851771537214518,0.9454512000083923,0.9374685287475586,1.1161174774169922,0.9797699451446533,0.9919238686561584,0.036058586090803146,0.05123382806777954,0.023072080686688423,0.05108627304434776,0.0855470597743988,0.025721080601215363,0.0483110249042511,0.02444339729845524,0.027031663805246353,0.023101216182112694,0.024492410942912102,0.02569229155778885,0.04403723403811455,0.024915168061852455,0.04879499971866608,0.036855921149253845,0.022346053272485733,0.029283691197633743,0.029737962409853935,0.036655932664871216,0.027287060394883156,0.04239669442176819,0.02768843248486519,0.029784435406327248,0.035466019064188004,15000,450000,19200,484200
1,16,X10,-2.725168365174453,5.857119368389249,0.9450734853744507,0.9375964403152466,1.1164747476577759,0.9790489673614502,0.991707980632782,0.03765157237648964,0.05232905596494675,0.023394308984279633,0.052368875592947006,0.08514539152383804,0.02553994208574295,0.04785580933094025,0.023596452549099922,0.027335068210959435,0.02347315475344658,0.024293845519423485,0.02560838870704174,0.044223759323358536,0.02480611577630043,0.0491778738796711,0.03701439127326012,0.02271774224936962,0.029177770018577576,0.030720388516783714,0.03724384680390358,0.027439143508672714,0.04534262791275978,0.026947783306241035,0.029535207897424698,0.0342792309820652,15000,450000,19200,484200
1,17,X21,3.6846119726294404,5.853376282379031,0.9452357888221741,0.9373847246170044,1.1162956953048706,0.9787531495094299,0.9919559359550476,0.03773454204201698,0.05324145779013634,0.023806780576705933,0.05097546800971031,0.08523878455162048,0.025059066712856293,0.048021283000707626,0.023792140185832977,0.026781601831316948,0.024042129516601562,0.024322491139173508,0.025593731552362442,0.04520215839147568,0.024731118232011795,0.046411141753196716,0.03699203208088875,0.022679314017295837,0.028977610170841217,0.029742999002337456,0.03694791719317436,0.027468955144286156,0.045199740678071976,0.02681741863489151,0.029773037880659103,0.03419806808233261,15000,450000,19200,484200
1,18,X3,4.9391812271022015,5.876086274161935,0.9455286860466003,0.9365416765213013,1.1158510446548462,0.9798887372016907,0.9917081594467163,0.03832574561238289,0.05783203989267349,0.023979587480425835,0.052619513124227524,0.09261887520551682,0.025799550116062164,0.05015897378325462,0.02634645625948906,0.029032470658421516,0.026408925652503967,0.02493978478014469,0.025761637836694717,0.04601118341088295,0.024708397686481476,0.049210287630558014,0.03548659384250641,0.02231742814183235,0.028486434370279312,0.028685424476861954,0.03792361915111542,0.027389289811253548,0.043212369084358215,0.02733851969242096,0.029372328892350197,0.03260253369808197,15000,450000,19200,484200
1,19,X20,-4.397696956274592,5.877725776284933,0.9457312822341919,0.9364996552467346,1.115967869758606,0.9799085855484009,0.9916907548904419,0.037769854068756104,0.05747897922992706,0.024202076718211174,0.05374380201101303,0.09001246839761734,0.025687510147690773,0.05025479570031166,0.026763534173369408,0.029136359691619873,0.0264593493193388,0.025139324367046356,0.02585514448583126,0.047443050891160965,0.024646269157528877,0.0495591014623642,0.03687479346990585,0.022364674136042595,0.02828734554350376,0.028853481635451317,0.03755194693803787,0.027365395799279213,0.043717917054891586,0.027295619249343872,0.02925415337085724,0.03221068158745766,15000,450000,19200,484200
1,20,X26,2.9124774504496154,5.879609176889062,0.945785641670227,0.93641197681427,1.1161737442016602,0.9799687266349792,0.9917416572570801,0.03846970573067665,0.056423887610435486,0.023832349106669426,0.05426040291786194,0.09075942635536194,0.02561117708683014,0.051498670130968094,0.027068445459008217,0.02846183255314827,0.02560248412191868,0.025685753673315048,0.02618645504117012,0.049525681883096695,0.024609165266156197,0.04965702444314957,0.03565657138824463,0.02273101918399334,0.0283716581761837,0.028811752796173096,0.03725104406476021,0.027474937960505486,0.04362832382321358,0.027182096615433693,0.02905750647187233,0.03171005845069885,15000,450000,19200,484200
1,21,X10,1.9973368497571728,5.8727936409413815,0.9457980990409851,0.9366159439086914,1.1175345182418823,0.9795967936515808,0.9923807382583618,0.03610185906291008,0.055363770574331284,0.0237277764827013,0.0510232150554657,0.08423268049955368,0.024632081389427185,0.05283346399664879,0.029908059164881706,0.027516113594174385,0.02539910562336445,0.023145779967308044,0.02603761851787567,0.05170231685042381,0.024953145533800125,0.0507471039891243,0.03715116158127785,0.022926190868020058,0.028714021667838097,0.029395634308457375,0.03494568169116974,0.027215508744120598,0.046721406280994415,0.027150249108672142,0.02877989038825035,0.03054371289908886,15000,450000,19200,484200
1,22,X22,3.214212452583835,5.874854037538171,0.9459987878799438,0.9366123080253601,1.1168545484542847,0.9795073866844177,0.9927191138267517,0.036276865750551224,0.05528385564684868,0.023656830191612244,0.052160244435071945,0.0867970809340477,0.024502452462911606,0.05403022840619087,0.029963267967104912,0.02721107192337513,0.02551167830824852,0.023007551208138466,0.02613779902458191,0.0517057441174984,0.024881599470973015,0.050315409898757935,0.03714935481548309,0.022928200662136078,0.02866203524172306,0.029136989265680313,0.03510165959596634,0.027255896478891373,0.046344127506017685,0.02743157185614109,0.028585778549313545,0.02912459895014763,15000,450000,19200,484200
1,23,X2,-0.45174091398270555,5.87792768701911,0.9462982416152954,0.9366111159324646,1.1169452667236328,0.9788482785224915,0.9928432106971741,0.03640981391072273,0.05494839698076248,0.0232014711946249,0.05383719503879547,0.08750104159116745,0.024509578943252563,0.05411452054977417,0.030186526477336884,0.027181755751371384,0.02562014013528824,0.023202409967780113,0.02612803690135479,0.05187756195664406,0.024705961346626282,0.05029239505529404,0.03725768253207207,0.023040451109409332,0.029034290462732315,0.029108287766575813,0.03498558700084686,0.027311820536851883,0.04683239758014679,0.0272781141102314,0.02853812836110592,0.02927800826728344,15000,450000,19200,484200
1,24,X27,4.881192147817542,5.8728653490543365,0.946230411529541,0.9362949132919312,1.1168501377105713,0.9786778688430786,0.9937361478805542,0.037365395575761795,0.056387584656476974,0.022988276556134224,0.05267567187547684,0.08839881420135498,0.02396516129374504,0.05603889375925064,0.03056482784450054,0.026584366336464882,0.026906432583928108,0.022733334451913834,0.025020478293299675,0.05051672086119652,0.02445889823138714,0.048268821090459824,0.039849333465099335,0.022785255685448647,0.028321854770183563,0.02843613550066948,0.03486635535955429,0.026461267843842506,0.04294676333665848,0.027482567355036736,0.027897564694285393,0.029155094176530838,15000,450000,19200,484200
2,0,X23,-3.416218361947676,8.832104064524174,0.9487825632095337,0.9418726563453674,1.120745062828064,0.9983260631561279,0.9916714429855347,0.04793284460902214,0.12022361159324646,0.05879556015133858,0.5023869276046753,0.7570411562919617,0.07225282490253448,0.05661708489060402,0.2137182503938675,0.07079155743122101,0.2549164891242981,0.15935936570167542,0.03343245014548302,0.19127994775772095,0.046256888657808304,0.1414872258901596,0.025562135502696037,0.15691564977169037,0.13493622839450836,0.09164240956306458,0.2150551676750183,0.024514785036444664,0.14311881363391876,0.08143805712461472,0.1139204278588295,0.11711041629314423,15000,450000,19200,484200
2,1,X30,0.9937759867489993,6.449365144595504,0.9697518348693848,0.9423911571502686,1.1208804845809937,0.9870131015777588,0.9996459484100342,0.06355156749486923,0.08706586062908173,0.022914838045835495,0.1891559660434723,0.22407779097557068,0.032935597002506256,0.07276913523674011,0.043551117181777954,0.03501201048493385,0.05526748299598694,0.0455813929438591,0.02490917220711708,0.05365772917866707,0.03248569369316101,0.023032691329717636,0.03227059543132782,0.025150835514068604,0.03742554038763046,0.03266841918230057,0.08151219040155411,0.023420995101332664,0.08273117244243622,0.02952185645699501,0.034121133387088776,0.0448918342590332,15000,450000,19200,484200
2,2,X13,-0.44655383133498905,6.103898337110877,0.9562249183654785,0.9390778541564941,1.116014838218689,0.9945434331893921,0.9917967915534973,0.03982200473546982,0.07991515100002289,0.022684035822749138,0.10787172615528107,0.10669691115617752,0.03208821266889572,0.049201857298612595,0.03274182975292206,0.02733907289803028,0.040783945471048355,0.027788963168859482,0.028760788962244987,0.06971698999404907,0.034675341099500656,0.02848929911851883,0.04287729039788246,0.022567009553313255,0.03171897307038307,0.028070498257875443,0.06793868541717529,0.02325671911239624,0.0732579454779625,0.032253753393888474,0.0279083214700222,0.02781517617404461,15000,450000,19200,484200
2,3,X16,4.648244383709104,5.969090072438121,0.9501939415931702,0.9400894641876221,1.117458701133728,0.9843886494636536,0.9968481063842773,0.032811928540468216,0.052919209003448486,0.02639189548790455,0.0924689769744873,0.0507354699075222,0.02713041752576828,0.03833471238613129,0.0323655791580677,0.03322581946849823,0.03457913175225258,0.025156382471323013,0.02663331851363182,0.07861403375864029,0.03555246815085411,0.03496989607810974,0.028739480301737785,0.0323345884680748,0.03122563660144806,0.028956633061170578,0.07651867717504501,0.02341649867594242,0.051147572696208954,0.02979092486202717,0.027501234784722328,0.028590723872184753,15000,450000,19200,484200
2,4,X15,-4.002883022580216,5.960134942084551,0.9492957592010498,0.9373409152030945,1.1186718940734863,0.9849055409431458,0.9969953894615173,0.03857225924730301,0.051654499024152756,0.025700664147734642,0.08688098192214966,0.05797543376684189,0.02715853601694107,0.03825382515788078,0.03267795965075493,0.033086590468883514,0.03295009955763817,0.02378406934440136,0.025568882003426552,0.07601221650838852,0.036784086376428604,0.031450290232896805,0.02946324460208416,0.03260193020105362,0.03135605528950691,0.028343623504042625,0.07133603096008301,0.023218486458063126,0.051305074244737625,0.03052470088005066,0.026786113157868385,0.02947979047894478,15000,450000,19200,484200
2,5,X22,3.593421841682666,5.955875420942903,0.9537096619606018,0.9366853833198547,1.1200608015060425,0.9832096695899963,0.9956902265548706,0.036290016025304794,0.05260031297802925,0.025419505313038826,0.08283083885908127,0.06172594428062439,0.025691311806440353,0.040151447057724,0.03247780352830887,0.03185945749282837,0.033236149698495865,0.023684702813625336,0.02550055831670761,0.07463911920785904,0.036895960569381714,0.028903596103191376,0.030253715813159943,0.03361042961478233,0.030648287385702133,0.0282833781093359,0.06640635430812836,0.023168571293354034,0.05327903479337692,0.03348837047815323,0.026333492249250412,0.029141319915652275,15000,450000,19200,484200
2,6,X6,1.9400116279323454,5.884077917784452,0.9520807862281799,0.93703293800354,1.1185663938522339,0.981960654258728,0.9925944209098816,0.02778848074376583,0.04853438213467598,0.022079071030020714,0.06313207745552063,0.0585692897439003,0.02585616149008274,0.031521063297986984,0.032629258930683136,0.025257857516407967,0.03515588864684105,0.02379443868994713,0.024337826296687126,0.0690455287694931,0.03355254977941513,0.038416143506765366,0.03698842599987984,0.02757309377193451,0.028826801106333733,0.028232790529727936,0.05340726301074028,0.02346416749060154,0.05689970403909683,0.028367778286337852,0.025665462017059326,0.03274722024798393,15000,450000,19200,484200
2,7,X9,1.668407172664807,5.873331928625703,0.95096755027771,0.938029408454895,1.120315670967102,0.9833647608757019,0.9927937984466553,0.02760513499379158,0.044634800404310226,0.022137509658932686,0.06363307684659958,0.05919930711388588,0.025437597185373306,0.030119415372610092,0.030389323830604553,0.0258024949580431,0.03463524580001831,0.02334662526845932,0.024195661768317223,0.0700712725520134,0.033108629286289215,0.031081294640898705,0.03721202537417412,0.02670450694859028,0.02702069655060768,0.03265507519245148,0.04947340860962868,0.02344539202749729,0.05968502536416054,0.027470484375953674,0.026186930015683174,0.03260980546474457,15000,450000,19200,484200
2,8,X19,-2.008457508762278,5.86859979853034,0.9503690004348755,0.939178466796875,1.121095061302185,0.9856061339378357,0.9925683736801147,0.02727038413286209,0.04302022606134415,0.021522415801882744,0.06348683685064316,0.06193945184350014,0.025625213980674744,0.029464781284332275,0.03154290094971657,0.02604093961417675,0.03395405411720276,0.02344300039112568,0.02440681681036949,0.06347278505563736,0.03310655057430267,0.03269317373633385,0.037026502192020416,0.02641458436846733,0.026500670239329338,0.033147260546684265,0.045614734292030334,0.023470163345336914,0.061284858733415604,0.027648326009511948,0.026400931179523468,0.03128520026803017,15000,450000,19200,484200
2,9,X9,1.7776445862335946,5.841062301769853,0.953032910823822,0.9393545389175415,1.1178019046783447,0.9839602708816528,0.9934998154640198,0.02340811677277088,0.03565555065870285,0.021896587684750557,0.06820318847894669,0.07035990059375763,0.02605196088552475,0.03709729015827179,0.029369084164500237,0.02446434646844864,0.029275089502334595,0.025908559560775757,0.024801284074783325,0.04764941334724426,0.032517820596694946,0.03228839486837387,0.03471837937831879,0.026261959224939346,0.025813274085521698,0.03074152022600174,0.041688304394483566,0.02445821464061737,0.050010621547698975,0.027545642107725143,0.027761492878198624,0.035466864705085754,15000,450000,19200,484200
2,10,X21,1.463406088905228,5.841451562941074,0.955061674118042,0.9388836622238159,1.117548942565918,0.9844226241111755,0.9934988617897034,0.02407768927514553,0.037538185715675354,0.022085856646299362,0.06801940500736237,0.06977720558643341,0.025959093123674393,0.03645029664039612,0.028475215658545494,0.02459833398461342,0.02825218252837658,0.025837764143943787,0.024699756875634193,0.04806537553668022,0.03176793456077576,0.03251146152615547,0.03470367565751076,0.025568390265107155,0.025914734229445457,0.03084694966673851,0.04153081029653549,0.02454012632369995,0.050765302032232285,0.027581794187426567,0.027746466919779778,0.03472179174423218,15000,450000,19200,484200
2,11,X3,-3.5924298499411735,5.853490406647325,0.9537830948829651,0.9396113157272339,1.1175569295883179,0.9841216802597046,0.9949108362197876,0.02369765006005764,0.04008420929312706,0.021804679185152054,0.06842440366744995,0.07604683935642242,0.025777550414204597,0.035354819148778915,0.03252396360039711,0.024030795320868492,0.027553163468837738,0.025882866233587265,0.024714013561606407,0.04875968396663666,0.031935449689626694,0.030989160761237144,0.03532060608267784,0.025738324970006943,0.026219017803668976,0.030874965712428093,0.04185651242733002,0.02506159245967865,0.05171109735965729,0.027387985959649086,0.02775944396853447,0.033997755497694016,15000,450000,19200,484200
2,12,X27,1.3854926780083687,5.870222920551896,0.9500209093093872,0.9371381998062134,1.1161916255950928,0.9847227334976196,0.9942028522491455,0.025160888209939003,0.039352916181087494,0.021700212731957436,0.07159538567066193,0.08642743527889252,0.025759609416127205,0.03809376806020737,0.033056821674108505,0.02334584854543209,0.030006907880306244,0.022200018167495728,0.02476542443037033,0.05501502752304077,0.030394403263926506,0.029918644577264786,0.03700583800673485,0.0254600178450346,0.027123402804136276,0.03068622201681137,0.045001763850450516,0.025437569245696068,0.0539470836520195,0.02768281288444996,0.02683892287313938,0.03196965530514717,15000,450000,19200,484200
2,13,X15,4.093876384278921,5.871446598321199,0.9494155645370483,0.9368950724601746,1.116363286972046,0.9853556752204895,0.9945298433303833,0.02551935985684395,0.03960955888032913,0.021699735894799232,0.07107209414243698,0.08917350322008133,0.02566111460328102,0.03754493221640587,0.032857175916433334,0.023574193939566612,0.030335744842886925,0.021714581176638603,0.024980228394269943,0.05229010805487633,0.030246220529079437,0.030502924695611,0.036896657198667526,0.025353966280817986,0.02737209014594555,0.030531249940395355,0.04588231444358826,0.025120051577687263,0.054512955248355865,0.02752155251801014,0.02658642642199993,0.03232841566205025,15000,450000,19200,484200
2,14,X12,1.7048621885017123,5.866828972473741,0.9487254619598389,0.9369348287582397,1.1159862279891968,0.9852710366249084,0.9946857690811157,0.025678234174847603,0.038746315985918045,0.021481385454535484,0.07147924602031708,0.0889141708612442,0.025597594678401947,0.03754223510622978,0.03290436416864395,0.02353927306830883,0.029293421655893326,0.02138430066406727,0.024862002581357956,0.049701593816280365,0.030187148600816727,0.031144771724939346,0.036968208849430084,0.025287408381700516,0.02748948708176613,0.030528604984283447,0.046143971383571625,0.025510793551802635,0.054142799228429794,0.02746906317770481,0.0264414194971323,0.032787833362817764,15000,450000,19200,484200
2,15,X27,-0.45282631429482834,5.871425710618496,0.948998212814331,0.9363353252410889,1.1155284643173218,0.9849294424057007,0.9944570064544678,0.027993783354759216,0.04264269024133682,0.02126452885568142,0.06463184207677841,0.07985202968120575,0.024872710928320885,0.04197869822382927,0.03863852843642235,0.023320646956562996,0.03014119528234005,0.021094076335430145,0.026440022513270378,0.048581983894109726,0.03055395744740963,0.03385273739695549,0.03970836475491524,0.026543280109763145,0.027272872626781464,0.03010457195341587,0.044923074543476105,0.026698416098952293,0.05289148539304733,0.02757900208234787,0.026779120787978172,0.03281763941049576,15000,450000,19200,484200
2,16,X7,-4.313898471756441,5.876500779762864,0.9486309885978699,0.9363633394241333,1.1157463788986206,0.9843368530273438,0.9944227933883667,0.028255896642804146,0.04241098836064339,0.021445708349347115,0.06448432803153992,0.07986373454332352,0.02482340671122074,0.04236174002289772,0.03893222659826279,0.023567894473671913,0.030537903308868408,0.02151367999613285,0.025950638577342033,0.05279967561364174,0.030203819274902344,0.03437432646751404,0.03910757973790169,0.026658549904823303,0.02737673930823803,0.029678547754883766,0.04661032557487488,0.026780450716614723,0.05178888887166977,0.027463218197226524,0.026833919808268547,0.033176239579916,15000,450000,19200,484200
2,17,X9,-4.476009821388235,5.892624067142606,0.9480007290840149,0.936125636100769,1.1155726909637451,0.9831363558769226,0.994188666343689,0.028145013377070427,0.04200350493192673,0.02146107330918312,0.06447719037532806,0.08029861748218536,0.025165235623717308,0.05709812417626381,0.03882983699440956,0.031495772302150726,0.026198390871286392,0.02135482244193554,0.02969137765467167,0.05402010306715965,0.03033304400742054,0.03094794601202011,0.036324869841337204,0.026850929483771324,0.026928916573524475,0.029009921476244926,0.0468183308839798,0.028409497812390327,0.05206071212887764,0.02745308168232441,0.026957005262374878,0.03326667100191116,15000,450000,19200,484200
2,18,X2,4.9858675508932695,5.891550552099943,0.9479681253433228,0.936098575592041,1.1153944730758667,0.9852177500724792,0.9944910407066345,0.0331735759973526,0.03919021040201187,0.02186247706413269,0.07011046260595322,0.08886189758777618,0.02499415911734104,0.04579075798392296,0.038510918617248535,0.028096769005060196,0.026822421699762344,0.021875055506825447,0.02634168043732643,0.05663355812430382,0.0302222091704607,0.03104327619075775,0.03693784400820732,0.026305479928851128,0.02740093320608139,0.028549455106258392,0.044593725353479385,0.027216074988245964,0.050718337297439575,0.027272026985883713,0.026572341099381447,0.03328493982553482,15000,450000,19200,484200
2,19,X11,1.0829742363343993,5.89256308041513,0.9482710361480713,0.9361148476600647,1.115347981452942,0.98583984375,0.9944179058074951,0.03317452222108841,0.04058369621634483,0.022079553455114365,0.06950916349887848,0.08957963436841965,0.024998102337121964,0.04406680539250374,0.037993233650922775,0.027637843042612076,0.027224766090512276,0.0217959713190794,0.026274386793375015,0.05612008273601532,0.030104296281933784,0.031171754002571106,0.03770139440894127,0.026068100705742836,0.0275086872279644,0.02892821840941906,0.044268928468227386,0.026909498497843742,0.05124960467219353,0.0273119043558836,0.027126606553792953,0.0331847108900547,15000,450000,19200,484200
2,20,X17,1.0542679153531287,5.892757102847099,0.9483380317687988,0.9362040758132935,1.1153470277786255,0.985420286655426,0.9945610165596008,0.03340897336602211,0.040740836411714554,0.02197381854057312,0.07088803499937057,0.09083396196365356,0.024962762370705605,0.04331910237669945,0.03773396089673042,0.027081070467829704,0.027080269530415535,0.021712234243750572,0.026138195767998695,0.05531727522611618,0.030068404972553253,0.03100043721497059,0.03762723505496979,0.026596182957291603,0.02745443768799305,0.027888791635632515,0.044768013060092926,0.02731938846409321,0.05135872960090637,0.02705965004861355,0.026831725612282753,0.033723171800374985,15000,450000,19200,484200
2,21,X22,4.229850357343844,5.896101640537381,0.9478752613067627,0.9360039830207825,1.1153591871261597,0.9840698838233948,0.9951594471931458,0.03216024115681648,0.041020672768354416,0.023013008758425713,0.07619320601224899,0.08811244368553162,0.024786464869976044,0.044968344271183014,0.03727089613676071,0.025516295805573463,0.027584794908761978,0.02182125486433506,0.02592574805021286,0.05615170672535896,0.029505716636776924,0.03138141706585884,0.03882402181625366,0.027390319854021072,0.027794646099209785,0.028024140745401382,0.04398476332426071,0.027688536792993546,0.05207694694399834,0.026668304577469826,0.026753583922982216,0.033016402274370193,15000,450000,19200,484200
2,22,X28,-3.9178161807273337,5.8949782736599445,0.9474804401397705,0.935979962348938,1.11539626121521,0.9847472906112671,0.9947987794876099,0.03212224692106247,0.039946336299180984,0.022748414427042007,0.07732287794351578,0.08954282104969025,0.024613037705421448,0.04419436678290367,0.03704218566417694,0.024874279275536537,0.028005948290228844,0.022057674825191498,0.025744248181581497,0.056255050003528595,0.029026081785559654,0.03107142075896263,0.03960704430937767,0.027315396815538406,0.027809860184788704,0.02753962203860283,0.042908549308776855,0.02791365422308445,0.05198412388563156,0.026737235486507416,0.02719445340335369,0.03299861028790474,15000,450000,19200,484200
2,23,X6,-2.267296112872752,5.895100876688957,0.9474946856498718,0.9359585642814636,1.115377426147461,0.9833952784538269,0.9943528771400452,0.032101139426231384,0.03979054465889931,0.022890174761414528,0.0765305906534195,0.09140829741954803,0.024627020582556725,0.04441967234015465,0.03713027387857437,0.02461204305291176,0.02833300270140171,0.021964026615023613,0.02569429948925972,0.05628314986824989,0.029091011732816696,0.030822589993476868,0.03970176354050636,0.027773670852184296,0.027922065928578377,0.02745952643454075,0.04305063560605049,0.02798336371779442,0.051785364747047424,0.02677670679986477,0.027242032811045647,0.03312907740473747,15000,450000,19200,484200
2,24,X15,-1.5910401823066724,5.892946457490325,0.9473806619644165,0.935899555683136,1.1153522729873657,0.9845252633094788,0.9940445423126221,0.034354738891124725,0.03864468261599541,0.02250313013792038,0.0702451840043068,0.0901251882314682,0.02470260299742222,0.042317651212215424,0.0396600104868412,0.02466210350394249,0.026550546288490295,0.021388523280620575,0.025364957749843597,0.058435358107089996,0.027541806921362877,0.032011132687330246,0.0421922467648983,0.02720569260418415,0.028531216084957123,0.027660366147756577,0.04213005676865578,0.028226757422089577,0.054654572159051895,0.0269840769469738,0.027285849675536156,0.03236570954322815,15000,450000,19200,484200
3,0,X15,-0.8581626211727533,8.552604278549552,0.9480054378509521,0.938015341758728,1.1252001523971558,1.0108445882797241,0.9920201897621155,0.03630625829100609,0.24031661450862885,0.0406331866979599,0.35559505224227905,0.4397851526737213,0.05162792280316353,0.03443033620715141,0.06486744433641434,0.04443499073386192,0.5148987770080566,0.03122733347117901,0.03058338537812233,0.16727517545223236,0.10060952603816986,0.0234883651137352,0.03319316729903221,0.2797129452228546,0.0698438286781311,0.15981270372867584,0.40348395705223083,0.02484339103102684,0.2064608782529831,0.052879828959703445,0.03737091273069382,0.09483743458986282,15000,450000,19200,484200
3,1,X18,2.036712633826636,6.568362073972821,0.9457916021347046,0.936012327671051,1.148922324180603,1.013033151626587,1.0101385116577148,0.044082269072532654,0.06350205093622208,0.02770039439201355,0.09332527220249176,0.11762429773807526,0.02532733790576458,0.0693925991654396,0.04635368287563324,0.025439785793423653,0.06333612650632858,0.021898776292800903,0.02861652709543705,0.06628747284412384,0.04650209844112396,0.02310970611870289,0.08801093697547913,0.12972858548164368,0.034832701086997986,0.06244386360049248,0.19649241864681244,0.038135383278131485,0.08538110554218292,0.02915448509156704,0.03211897611618042,0.05566730350255966,15000,450000,19200,484200
3,2,X24,-4.5769773843720865,6.195543397217989,0.94548499584198,0.9358790516853333,1.1317999362945557,1.0246331691741943,1.0049022436141968,0.041744690388441086,0.045318130403757095,0.02243674360215664,0.0491829514503479,0.07829312980175018,0.03077724389731884,0.06434435397386551,0.05066417530179024,0.02936493419110775,0.06467793136835098,0.02273486740887165,0.028286978602409363,0.05642920732498169,0.028450600802898407,0.024994228035211563,0.07009588927030563,0.04791886359453201,0.0318925566971302,0.05759591981768608,0.0730503723025322,0.062209028750658035,0.069850392639637,0.026477860286831856,0.0290068332105875,0.04704611748456955,15000,450000,19200,484200
3,3,X6,-4.236206225269789,5.932627374306321,0.9591202139854431,0.9380441904067993,1.1159250736236572,1.0189231634140015,0.9948098063468933,0.025410449132323265,0.0440954864025116,0.024364661425352097,0.049467749893665314,0.04256528615951538,0.039378486573696136,0.041675690561532974,0.0267067588865757,0.022645382210612297,0.09086494147777557,0.02607693150639534,0.024689247831702232,0.03944539651274681,0.02576621249318123,0.025298135355114937,0.04385850206017494,0.024343740195035934,0.0264546200633049,0.03709167242050171,0.029563119634985924,0.05079908296465874,0.037920501083135605,0.02846767194569111,0.028637362644076347,0.05021783709526062,15000,450000,19200,484200
3,4,X8,-3.971954722222372,5.911634705960751,0.9564336538314819,0.9379408359527588,1.1157711744308472,1.0067486763000488,0.9918625950813293,0.025958970189094543,0.04369998723268509,0.02430005744099617,0.04965755343437195,0.04382159560918808,0.032978203147649765,0.041556261479854584,0.028163239359855652,0.022497329860925674,0.09070184826850891,0.025834033265709877,0.02467821165919304,0.04158909246325493,0.02544424869120121,0.027776705101132393,0.048850417137145996,0.024122152477502823,0.028020018711686134,0.037479668855667114,0.026959501206874847,0.04690071567893028,0.037122275680303574,0.02966187335550785,0.02782854251563549,0.04727526754140854,15000,450000,19200,484200
3,5,X20,-1.7679175835663932,5.90821143053472,0.9577775597572327,0.9364253282546997,1.1165906190872192,1.0042061805725098,0.991467297077179,0.03138158470392227,0.04381556436419487,0.02405644953250885,0.049123749136924744,0.047440268099308014,0.033586904406547546,0.03816133737564087,0.027446098625659943,0.022581687197089195,0.08855458348989487,0.02692413702607155,0.024380870163440704,0.041122738271951675,0.02577381208539009,0.0276787206530571,0.048638906329870224,0.024071022868156433,0.0280019361525774,0.03368806466460228,0.025038789957761765,0.04542224854230881,0.03688627481460571,0.030691372230648994,0.028884556144475937,0.04839276894927025,15000,450000,19200,484200
3,6,X3,-1.895921493936891,5.910120069980621,0.9505482316017151,0.9358834624290466,1.1165449619293213,1.0093125104904175,0.9923397302627563,0.04235890135169029,0.03833463788032532,0.02271069400012493,0.05087460204958916,0.05929695814847946,0.036285292357206345,0.04039766266942024,0.03504364192485809,0.02247537299990654,0.06555014103651047,0.02598547376692295,0.024466894567012787,0.04098045453429222,0.027839580550789833,0.03403148055076599,0.0464671365916729,0.02436215989291668,0.026882294565439224,0.03776583820581436,0.028995150700211525,0.036850135773420334,0.03372780606150627,0.031099865213036537,0.026496078819036484,0.04621291905641556,15000,450000,19200,484200
3,7,X3,0.04549001500957406,5.891117919236422,0.9509920477867126,0.9359055757522583,1.1165452003479004,1.0077263116836548,0.9930568933486938,0.041094742715358734,0.03790292143821716,0.022237885743379593,0.045675572007894516,0.056524746119976044,0.03384452313184738,0.0428253673017025,0.03216225653886795,0.023477256298065186,0.06612398475408554,0.025888284668326378,0.024748630821704865,0.041120100766420364,0.028643395751714706,0.03249282389879227,0.047991637140512466,0.023202015087008476,0.027206558734178543,0.033326130360364914,0.028952747583389282,0.03247871994972229,0.03430575504899025,0.03010089509189129,0.027351995930075645,0.04721294343471527,15000,450000,19200,484200
3,8,X12,4.179367891169605,5.882004274055362,0.9494208693504333,0.9358987212181091,1.117647647857666,1.0051196813583374,0.9944744110107422,0.04228128120303154,0.03726567327976227,0.02181113138794899,0.043735750019550323,0.05787600576877594,0.030828330665826797,0.04295462369918823,0.03439667075872421,0.023604590445756912,0.05889122560620308,0.02481570467352867,0.02577303536236286,0.04300500079989433,0.028813224285840988,0.03324318304657936,0.05006343498826027,0.022837430238723755,0.027546484023332596,0.0322650708258152,0.029546326026320457,0.03075035661458969,0.03495808690786362,0.028903869912028313,0.02673422172665596,0.04654223099350929,15000,450000,19200,484200
3,9,X20,3.732796620605388,5.8479493129998446,0.9491655230522156,0.9362121820449829,1.1210618019104004,0.9911838173866272,0.9943851232528687,0.045137789100408554,0.03802268207073212,0.02343304641544819,0.040514279156923294,0.06314957141876221,0.025032201781868935,0.04027360677719116,0.027913901954889297,0.02205612137913704,0.04227090999484062,0.02434762939810753,0.02453993819653988,0.05459964647889137,0.027908429503440857,0.03397566080093384,0.0495428591966629,0.021905211731791496,0.027897769585251808,0.02831466868519783,0.03161235898733139,0.03298496454954147,0.031672678887844086,0.02878885343670845,0.02616041898727417,0.043885666877031326,15000,450000,19200,484200
3,10,X25,-0.13729079127272747,5.8557673040777445,0.9497564435005188,0.9361769556999207,1.1200002431869507,0.9955165386199951,0.9952121376991272,0.04478537663817406,0.037756308913230896,0.02396865375339985,0.03924698755145073,0.06144861504435539,0.024592425674200058,0.043117109686136246,0.02998834103345871,0.022584114223718643,0.04488882049918175,0.024531124159693718,0.025173012167215347,0.05209372192621231,0.02725851722061634,0.034186698496341705,0.05050712451338768,0.02186611481010914,0.028040684759616852,0.029087388888001442,0.03165696933865547,0.03235451504588127,0.03158072009682655,0.0282866470515728,0.026224158704280853,0.04388083517551422,15000,450000,19200,484200
3,11,X20,-3.68950958570492,5.850195387378335,0.9503002166748047,0.9366407990455627,1.119519829750061,0.9945541620254517,0.9967652559280396,0.041742224246263504,0.03553399443626404,0.02456502802670002,0.03854352608323097,0.061528678983449936,0.024628395214676857,0.043485794216394424,0.030902374535799026,0.022585975006222725,0.04340367391705513,0.0251461211591959,0.02510468102991581,0.05191230773925781,0.027014924213290215,0.03418325260281563,0.050770170986652374,0.021972905844449997,0.027865426614880562,0.02875395119190216,0.0320931114256382,0.03189968317747116,0.03152010962367058,0.02826884388923645,0.02625078707933426,0.04273918271064758,15000,450000,19200,484200
3,12,X15,-4.563075720454856,5.8558122012764215,0.9500224590301514,0.9360437393188477,1.118868350982666,0.9938140511512756,0.9971147179603577,0.04352566599845886,0.04488155245780945,0.02145293727517128,0.04059973359107971,0.06240331381559372,0.025487495586276054,0.04331950843334198,0.028027113527059555,0.022661609575152397,0.043317995965480804,0.024873333051800728,0.025736896321177483,0.056447844952344894,0.026332564651966095,0.038746751844882965,0.04493916779756546,0.02206907793879509,0.02749519608914852,0.028188854455947876,0.031927961856126785,0.030440419912338257,0.036095499992370605,0.029152145609259605,0.02587578259408474,0.03595045953989029,15000,450000,19200,484200
3,13,X17,0.2745978846148267,5.848423447459936,0.9504188895225525,0.9358944296836853,1.1184242963790894,0.9918715953826904,0.9960176944732666,0.04167195037007332,0.045480187982320786,0.021291332319378853,0.0410274863243103,0.06322727352380753,0.025602858513593674,0.042892616242170334,0.028177272528409958,0.022914526984095573,0.04170462116599083,0.024465816095471382,0.0256890207529068,0.05764785036444664,0.02609868347644806,0.03681076318025589,0.04481678083539009,0.022199155762791634,0.027498289942741394,0.028110189363360405,0.03142225742340088,0.03032974898815155,0.03598784655332565,0.0290546715259552,0.025924542918801308,0.035750798881053925,15000,450000,19200,484200
3,14,X6,-2.272087004086434,5.849175099283457,0.9511216878890991,0.9358831644058228,1.1183476448059082,0.9910855889320374,0.9950940012931824,0.0417962409555912,0.0466524101793766,0.021194862201809883,0.04357784613966942,0.06255657970905304,0.025411879643797874,0.043270912021398544,0.029492516070604324,0.022860832512378693,0.04143950343132019,0.02437238208949566,0.025575874373316765,0.057599373161792755,0.026158561930060387,0.035978030413389206,0.044004637748003006,0.022175030782818794,0.027356013655662537,0.027968283742666245,0.03169478103518486,0.030277058482170105,0.03579438850283623,0.029063548892736435,0.02594323828816414,0.03542822599411011,15000,450000,19200,484200
3,15,X1,-2.440760715629553,5.840409779921174,0.9508270621299744,0.9360164403915405,1.1186797618865967,0.9893022179603577,0.9982413053512573,0.044426918029785156,0.03825436159968376,0.02096674032509327,0.047112565487623215,0.056460052728652954,0.024639274924993515,0.040341317653656006,0.034423522651195526,0.022947432473301888,0.041491758078336716,0.02111457847058773,0.025919130071997643,0.05795903131365776,0.025653092190623283,0.03401259705424309,0.0445735827088356,0.02204965427517891,0.027513712644577026,0.027911905199289322,0.03077155537903309,0.03104480355978012,0.03818794712424278,0.028446629643440247,0.025613518431782722,0.035507310181856155,15000,450000,19200,484200
3,16,X4,3.3668772060533527,5.83132641389966,0.9508894085884094,0.935951292514801,1.1186606884002686,0.989332914352417,0.9983335733413696,0.04400259256362915,0.04002396762371063,0.020961521193385124,0.046270664781332016,0.05725355073809624,0.025630924850702286,0.04007113352417946,0.03384636715054512,0.022496886551380157,0.04039116948843002,0.021058691665530205,0.025370419025421143,0.05699744448065758,0.025508305057883263,0.03502057120203972,0.04103406146168709,0.02236129343509674,0.02716025337576866,0.027359645813703537,0.031194599345326424,0.029809992760419846,0.03728170692920685,0.028416207060217857,0.025700928643345833,0.03293563798069954,15000,450000,19200,484200
3,17,X6,1.6437130174200911,5.833529090508819,0.9516465067863464,0.9359967112541199,1.1189862489700317,0.9884686470031738,0.9985467791557312,0.043948326259851456,0.040186576545238495,0.020968889817595482,0.04690052941441536,0.05753076449036598,0.025364907458424568,0.04033053293824196,0.033455681055784225,0.022212522104382515,0.040222059935331345,0.021235499531030655,0.02509758435189724,0.05867573246359825,0.02545228786766529,0.034236837178468704,0.04135081544518471,0.02263406105339527,0.027299292385578156,0.026786841452121735,0.03126377984881401,0.029720837250351906,0.03806871175765991,0.02853739634156227,0.02582225203514099,0.032581478357315063,15000,450000,19200,484200
3,18,X18,-1.614527418202992,5.847337050363421,0.9492245316505432,0.9360483288764954,1.1198537349700928,0.9858681559562683,0.9990184903144836,0.04763684421777725,0.041089922189712524,0.020962240174412727,0.0435684509575367,0.056986745446920395,0.026023106649518013,0.04617885500192642,0.030434999614953995,0.022517327219247818,0.039874929934740067,0.021674353629350662,0.027323845773935318,0.053297512233257294,0.02582741342484951,0.03609957918524742,0.04786752164363861,0.023584522306919098,0.026769910007715225,0.02901080809533596,0.031804367899894714,0.02910725586116314,0.04233069345355034,0.029510920867323875,0.026462813839316368,0.03137886896729469,15000,450000,19200,484200
3,19,X7,-4.561937243408769,5.849712589755654,0.9494555592536926,0.9361538290977478,1.1198490858078003,0.986434817314148,0.9991703629493713,0.0488160215318203,0.04104340448975563,0.020952865481376648,0.04312913492321968,0.05586256831884384,0.02621094509959221,0.046994399279356,0.031612250953912735,0.022337239235639572,0.03847982734441757,0.02188902720808983,0.027613356709480286,0.052722081542015076,0.025925129652023315,0.03600220009684563,0.04744432121515274,0.023311801254749298,0.02687651291489601,0.02945425733923912,0.031926728785037994,0.02912295050919056,0.04330277815461159,0.02983386069536209,0.026389922946691513,0.03139534965157509,15000,450000,19200,484200
3,20,X27,0.4303069765418588,5.847617318853736,0.9487675428390503,0.936184823513031,1.1191990375518799,0.986777126789093,0.9991110563278198,0.04758106544613838,0.040560681372880936,0.020985407754778862,0.042646102607250214,0.056305769830942154,0.026189124211668968,0.04763692617416382,0.031225336715579033,0.022431664168834686,0.0385507196187973,0.02171822264790535,0.02778623253107071,0.05275436118245125,0.026034852489829063,0.03616832569241524,0.04782670736312866,0.02321351319551468,0.026868056505918503,0.029430845752358437,0.031127270311117172,0.029332192614674568,0.04350682348012924,0.02991415560245514,0.02633505128324032,0.03144832327961922,15000,450000,19200,484200
3,21,X26,-4.173884933659337,5.836094180122018,0.9486978054046631,0.9362375736236572,1.1186493635177612,0.987884521484375,0.9975209832191467,0.045059069991111755,0.03843960538506508,0.021268578246235847,0.04711462929844856,0.059371452778577805,0.026122666895389557,0.044953860342502594,0.029262203723192215,0.022389203310012817,0.03307277336716652,0.021208014339208603,0.027021057903766632,0.05171925202012062,0.026477431878447533,0.032725997269153595,0.048540398478507996,0.024133868515491486,0.026831185445189476,0.02696906216442585,0.03248269110918045,0.029428409412503242,0.04269759729504585,0.029772542417049408,0.027059897780418396,0.0329824835062027,15000,450000,19200,484200
3,22,X23,-0.5609161889890597,5.835841564461589,0.948834240436554,0.936203122138977,1.1188347339630127,0.9873560667037964,0.9975593090057373,0.04544772952795029,0.0390302799642086,0.021421650424599648,0.048319533467292786,0.05873272567987442,0.02595541626214981,0.04527244344353676,0.029058659449219704,0.022445110604166985,0.032338280230760574,0.021159302443265915,0.027178052812814713,0.051605746150016785,0.02665400132536888,0.032800279557704926,0.04822539538145065,0.0241294763982296,0.026798080652952194,0.026809314265847206,0.03236577287316322,0.02900080569088459,0.042834144085645676,0.029860690236091614,0.027033425867557526,0.03257777541875839,15000,450000,19200,484200
3,23,X2,-3.7376997569774573,5.8293538596481085,0.9487181305885315,0.9362026453018188,1.118839979171753,0.9875198006629944,0.9978883862495422,0.046256210654973984,0.036684054881334305,0.021426748484373093,0.048712071031332016,0.058438971638679504,0.025937646627426147,0.044692907482385635,0.029977647587656975,0.022535191848874092,0.03195895999670029,0.021230807527899742,0.027226906269788742,0.047100603580474854,0.02660752274096012,0.03199676424264908,0.048285506665706635,0.024194778874516487,0.026677628979086876,0.02686959132552147,0.03204328566789627,0.028940852731466293,0.043518729507923126,0.029570717364549637,0.027089713141322136,0.032211098819971085,15000,450000,19200,484200
3,24,X6,-0.009560397435332213,5.838958876207471,0.9494446516036987,0.9362887144088745,1.1180822849273682,0.9891961812973022,0.9961040616035461,0.045045699924230576,0.03779789060354233,0.021722350269556046,0.04613250866532326,0.06335742026567459,0.026806795969605446,0.05004538223147392,0.02985643409192562,0.022157786414027214,0.032023586332798004,0.021648503839969635,0.02934892103075981,0.04805451259016991,0.02627246454358101,0.0323261134326458,0.04754660651087761,0.02484196610748768,0.02678394876420498,0.02705276571214199,0.03106062486767769,0.02868090756237507,0.04397273436188698,0.028635980561375618,0.026379453018307686,0.03229162469506264,15000,450000,19200,484200
4,0,X23,-0.5488880725754495,8.517892258241773,0.9470365643501282,0.9381189346313477,1.1199250221252441,1.0031267404556274,0.9931873679161072,0.05447844788432121,0.35302314162254333,0.07401936501264572,0.3600909113883972,0.3579428195953369,0.0987439826130867,0.11315399408340454,0.08799536526203156,0.17645879089832306,0.38554248213768005,0.057507582008838654,0.04859795421361923,0.39585039019584656,0.04472840949892998,0.035034358501434326,0.03261469677090645,0.10749054700136185,0.2656223773956299,0.16859713196754456,0.10211566835641861,0.02509177289903164,0.06600594520568848,0.045153748244047165,0.03243972733616829,0.028198018670082092,15000,450000,19200,484200
4,1,X23,4.273244567231778,6.47162551432848,0.9475304484367371,0.9395670294761658,1.1153724193572998,1.0036579370498657,0.9926890134811401,0.08612312376499176,0.10850997269153595,0.05435407906770706,0.10657782107591629,0.057321250438690186,0.030759980902075768,0.0280775036662817,0.025049732998013496,0.06414278596639633,0.04156083986163139,0.025659821927547455,0.07713542878627777,0.10594786703586578,0.029353829100728035,0.03289021924138069,0.038129162043333054,0.04450109973549843,0.2656223773956299,0.04112055152654648,0.04731719568371773,0.023944895714521408,0.050558000802993774,0.029783375561237335,0.03151234984397888,0.026855401694774628,15000,450000,19200,484200
4,2,X10,-1.0184001922909145,6.099286455661058,0.9448890089988708,0.9363272786140442,1.1195203065872192,0.9793491959571838,0.9926204681396484,0.05651412531733513,0.08861412853002548,0.044037360697984695,0.09285025298595428,0.06346385180950165,0.028320088982582092,0.030697612091898918,0.023584730923175812,0.03901321068406105,0.024934979155659676,0.02708391100168228,0.06858134269714355,0.042142655700445175,0.025100963190197945,0.04076208919286728,0.04643145576119423,0.03571406006813049,0.1115272045135498,0.04071194306015968,0.04481106996536255,0.023844879120588303,0.04173266515135765,0.028031744062900543,0.03165546804666519,0.026418404653668404,15000,450000,19200,484200
4,3,X23,-2.7452971528453327,6.0617419965565205,0.9467798471450806,0.9431435465812683,1.1167280673980713,0.9992517232894897,0.9924764633178711,0.04824919253587723,0.045282721519470215,0.03632384538650513,0.09436315298080444,0.12270639091730118,0.030008243396878242,0.041890934109687805,0.03297156095504761,0.03831484541296959,0.02589622512459755,0.022066935896873474,0.03456227108836174,0.05598967522382736,0.03577360138297081,0.05198192596435547,0.04233580082654953,0.026824096217751503,0.03802940994501114,0.035072971135377884,0.04215119406580925,0.025888152420520782,0.05379607900977135,0.027119729667901993,0.026872750371694565,0.028890643268823624,15000,450000,19200,484200
4,4,X29,1.0513890786185538,6.030865475535393,0.9468247294425964,0.9436533451080322,1.1161147356033325,0.9946408271789551,0.9917722344398499,0.04243423789739609,0.04978419095277786,0.03545405715703964,0.08809182792901993,0.11370043456554413,0.034548137336969376,0.0428466871380806,0.031542614102363586,0.03985018655657768,0.023751361295580864,0.021675337105989456,0.03673196956515312,0.05629882961511612,0.032781023532152176,0.052380092442035675,0.041710447520017624,0.026505526155233383,0.03478226810693741,0.033818814903497696,0.04107534885406494,0.024771200492978096,0.051406025886535645,0.026834329590201378,0.02698558196425438,0.028099073097109795,15000,450000,19200,484200
4,5,X26,3.0734931442879763,6.0001999493688345,0.9475797414779663,0.9448028206825256,1.1160693168640137,0.9914597272872925,0.9914517402648926,0.05045381933450699,0.04551074281334877,0.029989078640937805,0.08122818171977997,0.11004774272441864,0.03478261083364487,0.046583179384469986,0.029696311801671982,0.04034449905157089,0.024345099925994873,0.020893428474664688,0.04240342602133751,0.05368984490633011,0.027646472677588463,0.040741316974163055,0.04500328004360199,0.025494161993265152,0.030905645340681076,0.03409435600042343,0.04180771857500076,0.0248397346585989,0.04340941086411476,0.026391945779323578,0.028606580570340157,0.029928013682365417,15000,450000,19200,484200
4,6,X15,-3.7747809091604,5.96233001165092,0.9480270743370056,0.9412401914596558,1.115681767463684,0.993394136428833,0.9928348064422607,0.060039542615413666,0.050992898643016815,0.030638279393315315,0.053769804537296295,0.09039463847875595,0.025608941912651062,0.06302579492330551,0.02659268118441105,0.03413820266723633,0.03187239542603493,0.022324860095977783,0.027406543493270874,0.06015704944729805,0.026267508044838905,0.042235057801008224,0.03981219604611397,0.028012214228510857,0.032726485282182693,0.03016415238380432,0.03366176038980484,0.029242705553770065,0.053817685693502426,0.02617536671459675,0.025234071537852287,0.02684119902551174,15000,450000,19200,484200
4,7,X28,4.023108270741973,5.9457020331174135,0.9499469995498657,0.940292477607727,1.1162742376327515,0.9909781813621521,0.9925214648246765,0.0542537085711956,0.054085977375507355,0.03039786033332348,0.051749974489212036,0.08809465169906616,0.02634621039032936,0.06562124937772751,0.026310760527849197,0.03115742839872837,0.03234647214412689,0.02268959768116474,0.027186637744307518,0.05712586268782616,0.026546435430645943,0.04180140793323517,0.039489977061748505,0.02638968452811241,0.03224995359778404,0.02945699729025364,0.032202497124671936,0.030039437115192413,0.05118708312511444,0.026139292865991592,0.025431262329220772,0.027388252317905426,15000,450000,19200,484200
4,8,X22,-0.294131466318043,5.927098201587796,0.9515259861946106,0.9385713934898376,1.115684151649475,0.9861453771591187,0.9928698539733887,0.059773411601781845,0.05691941827535629,0.02923104166984558,0.05048196762800217,0.08456756174564362,0.02519449219107628,0.057252150028944016,0.026145080104470253,0.028738442808389664,0.031097184866666794,0.022786615416407585,0.028018390759825706,0.05579269677400589,0.026712264865636826,0.03808367997407913,0.04047586768865585,0.026363633573055267,0.03212563693523407,0.0281852874904871,0.03153872489929199,0.032317496836185455,0.051228996366262436,0.02607043832540512,0.0255467277020216,0.02765423059463501,15000,450000,19200,484200
4,9,X12,-4.547576054887354,5.908495215699077,0.9505871534347534,0.937029242515564,1.11550772190094,0.9834581017494202,0.9925848841667175,0.0498453751206398,0.04939071834087372,0.03134428709745407,0.04768860340118408,0.08053693175315857,0.024578731507062912,0.04643711447715759,0.024780258536338806,0.029581524431705475,0.041708968579769135,0.020749066025018692,0.02523576281964779,0.07147333025932312,0.028023339807987213,0.04735780134797096,0.03820812329649925,0.025769861415028572,0.030394423753023148,0.027167286723852158,0.033977068960666656,0.03374696522951126,0.04196827486157417,0.026368072256445885,0.025328584015369415,0.027667637914419174,15000,450000,19200,484200
4,10,X18,4.389485669553753,5.896650746464729,0.948832631111145,0.9379335641860962,1.1153864860534668,0.9830598831176758,0.9932705760002136,0.05136833339929581,0.046970952302217484,0.030734380707144737,0.04673999920487404,0.07783453166484833,0.025015084072947502,0.04803881421685219,0.02442321740090847,0.02805047295987606,0.03802572935819626,0.020739521831274033,0.025266453623771667,0.07106398791074753,0.02739347144961357,0.046121660619974136,0.03697686642408371,0.026324255391955376,0.029405774548649788,0.02684340812265873,0.033757809549570084,0.03490545228123665,0.04214122146368027,0.026120346039533615,0.025189705193042755,0.028716156259179115,15000,450000,19200,484200
4,11,X5,-1.7203415236347377,5.88941653072834,0.9480672478675842,0.9377284646034241,1.1154699325561523,0.9821546077728271,0.9933290481567383,0.049261678010225296,0.04735381901264191,0.030508510768413544,0.042891304939985275,0.0782727524638176,0.024604639038443565,0.04938821122050285,0.023807529360055923,0.027163732796907425,0.03509870171546936,0.020708801224827766,0.026079602539539337,0.07249356061220169,0.02770020253956318,0.04554631561040878,0.03624764829874039,0.026391461491584778,0.029607439413666725,0.02802913822233677,0.034718479961156845,0.0340600460767746,0.04319903254508972,0.026124926283955574,0.025378301739692688,0.028031393885612488,15000,450000,19200,484200
4,12,X14,0.837021418487863,5.908635430037975,0.9514431357383728,0.9392253160476685,1.1154072284698486,0.9830504655838013,0.9929217100143433,0.05403025820851326,0.0399048887193203,0.028209369629621506,0.048140205442905426,0.07320673763751984,0.025655725970864296,0.05578119680285454,0.02366754226386547,0.0280460212379694,0.03317463770508766,0.021713173016905785,0.02541264146566391,0.07636858522891998,0.02621099352836609,0.047468401491642,0.03904295712709427,0.02692895568907261,0.02967038005590439,0.02660020999610424,0.03435361757874489,0.03516435623168945,0.04806390404701233,0.026109905913472176,0.025837285444140434,0.027825623750686646,15000,450000,19200,484200
4,13,X14,-3.4856874188065454,5.9078351855278015,0.9517862796783447,0.9397774934768677,1.1153569221496582,0.982649564743042,0.9934593439102173,0.052623502910137177,0.04158548638224602,0.02638087421655655,0.049590639770030975,0.0726945772767067,0.026328373700380325,0.054717160761356354,0.023609092459082603,0.027930352836847305,0.03311200812458992,0.0219403263181448,0.025722308084368706,0.07444608956575394,0.02618161216378212,0.047613367438316345,0.040113843977451324,0.027624238282442093,0.02923456020653248,0.026569949463009834,0.03339963033795357,0.03506334871053696,0.04831865429878235,0.02609173208475113,0.02585182525217533,0.02806202694773674,15000,450000,19200,484200
4,14,X24,1.8074588956914166,5.902260145172477,0.9514696598052979,0.9393429160118103,1.115384817123413,0.9822501540184021,0.9937207102775574,0.05285422503948212,0.04153580963611603,0.02567477710545063,0.049134157598018646,0.0717526450753212,0.026894668117165565,0.05062428489327431,0.023460088297724724,0.02874121442437172,0.03423777222633362,0.02178904041647911,0.025707973167300224,0.07455937564373016,0.026840003207325935,0.04884719103574753,0.040945205837488174,0.026644721627235413,0.02923792414367199,0.026384921744465828,0.032669588923454285,0.03161823749542236,0.049021318554878235,0.02613922767341137,0.026357600465416908,0.028419915586709976,15000,450000,19200,484200
4,15,X30,4.344853892580073,5.897851286455989,0.9503963589668274,0.9381375908851624,1.1153444051742554,0.981316089630127,0.994502067565918,0.05019853636622429,0.044337198138237,0.02792099304497242,0.05404644459486008,0.07376274466514587,0.027067186310887337,0.050722263753414154,0.02366776019334793,0.027939572930336,0.03171157091856003,0.021980904042720795,0.02513040602207184,0.06418318301439285,0.026919685304164886,0.04963795095682144,0.039040397852659225,0.028227537870407104,0.028641704469919205,0.025698356330394745,0.035572998225688934,0.029113732278347015,0.049829162657260895,0.026100721210241318,0.027067316696047783,0.0296364463865757,15000,450000,19200,484200
4,16,X30,-0.5762388813516459,5.896244855597615,0.950836181640625,0.9385571479797363,1.1153850555419922,0.9814528226852417,0.9940595626831055,0.05063221976161003,0.04397176578640938,0.028008170425891876,0.05335964262485504,0.0721248984336853,0.027477934956550598,0.05318513512611389,0.02414839155972004,0.028830574825406075,0.03016037307679653,0.021914420649409294,0.025075828656554222,0.06211332976818085,0.027025211602449417,0.04855409264564514,0.0398719497025013,0.027971893548965454,0.02856123074889183,0.025405840948224068,0.03535374626517296,0.02985416352748871,0.049563176929950714,0.026098743081092834,0.02690659463405609,0.029784755781292915,15000,450000,19200,484200
4,17,X4,-0.866986339517414,5.895694142207503,0.9505058526992798,0.9381970167160034,1.1153541803359985,0.9814602136611938,0.994412362575531,0.04937471076846123,0.04343092441558838,0.02775605395436287,0.05239751562476158,0.07325641065835953,0.026869449764490128,0.05341041088104248,0.023957792669534683,0.028811298310756683,0.030450187623500824,0.021934108808636665,0.024697592481970787,0.06338250637054443,0.026703868061304092,0.04687438905239105,0.03900287672877312,0.028705518692731857,0.0289094727486372,0.02538532018661499,0.036710578948259354,0.029664810746908188,0.05075863003730774,0.026148276403546333,0.026939047500491142,0.030232764780521393,15000,450000,19200,484200
4,18,X21,4.350320985961515,5.875128561630845,0.9485628604888916,0.9371823668479919,1.1153496503829956,0.9795110821723938,0.9961308836936951,0.04510517790913582,0.042278941720724106,0.030085429549217224,0.052680518478155136,0.07316016405820847,0.027653144672513008,0.055516213178634644,0.024884603917598724,0.02655942738056183,0.027969252318143845,0.021559614688158035,0.024604283273220062,0.05860370397567749,0.026534296572208405,0.04202795401215553,0.039012182503938675,0.026713160797953606,0.028461650013923645,0.025411510840058327,0.03521239012479782,0.02864622138440609,0.05130944401025772,0.02617393434047699,0.02709146775305271,0.031137030571699142,15000,450000,19200,484200
4,19,X27,-1.0300542572170035,5.87081409431994,0.948033332824707,0.9370599389076233,1.1153448820114136,0.9799220561981201,0.9966031908988953,0.045461371541023254,0.04267403483390808,0.029999960213899612,0.05247284471988678,0.07215387374162674,0.027472810819745064,0.05530024692416191,0.024619098752737045,0.025820257142186165,0.02788214385509491,0.02157880738377571,0.024596264585852623,0.05859071761369705,0.02632777951657772,0.04094816744327545,0.039216071367263794,0.027443019673228264,0.028384916484355927,0.02537343092262745,0.03483482822775841,0.02796032838523388,0.05127137899398804,0.026177937164902687,0.027016686275601387,0.030273716896772385,15000,450000,19200,484200
4,20,X26,-3.8735323897984553,5.863784810528159,0.9479790329933167,0.9372100830078125,1.1153595447540283,0.980149507522583,0.9964330792427063,0.04503693804144859,0.04253724589943886,0.029608076438307762,0.05186913162469864,0.0702236145734787,0.02735813334584236,0.05571132153272629,0.023987991735339165,0.025761684402823448,0.027990400791168213,0.021538659930229187,0.024605507031083107,0.05678999051451683,0.02615206502377987,0.03992079570889473,0.038991037756204605,0.026882899925112724,0.028274916112422943,0.025366051122546196,0.03601741045713425,0.028036804869771004,0.05066804960370064,0.0261747594922781,0.02722368761897087,0.029926389455795288,15000,450000,19200,484200
4,21,X7,-3.245050861615353,5.880282895639539,0.9476064443588257,0.9374549984931946,1.115648627281189,0.9805578589439392,0.9980194568634033,0.045041173696517944,0.046350639313459396,0.028430895879864693,0.05108227953314781,0.08170586824417114,0.02660437673330307,0.0548129677772522,0.024637021124362946,0.02612152136862278,0.030131958425045013,0.021343041211366653,0.02446647174656391,0.059836793690919876,0.02523192949593067,0.040257181972265244,0.04065427929162979,0.027870746329426765,0.028445452451705933,0.024889517575502396,0.036004647612571716,0.027688346803188324,0.04631887748837471,0.02621798776090145,0.027478478848934174,0.029373055323958397,15000,450000,19200,484200
4,22,X24,0.728773475545327,5.877657210454345,0.9473681449890137,0.937556803226471,1.1157585382461548,0.9807322025299072,0.9983471035957336,0.04527708888053894,0.045171476900577545,0.028270889073610306,0.050993237644433975,0.0818728357553482,0.026004498824477196,0.054388370364904404,0.02477893978357315,0.026027914136648178,0.029977288097143173,0.02155926637351513,0.024454660713672638,0.05858627334237099,0.025059733539819717,0.0395665317773819,0.04026463255286217,0.0284963920712471,0.028393981978297234,0.02482439950108528,0.036011263728141785,0.027745725587010384,0.0469931960105896,0.02621164359152317,0.02782108448445797,0.029143093153834343,15000,450000,19200,484200
4,23,X5,-0.21818100264776064,5.876507684588432,0.9473904967308044,0.9375739097595215,1.1156704425811768,0.9803895354270935,0.9983229041099548,0.045726291835308075,0.044193334877491,0.027582798153162003,0.050952691584825516,0.08253098279237747,0.026003209874033928,0.05369805917143822,0.025480356067419052,0.026068655773997307,0.02986445464193821,0.021694142371416092,0.024495843797922134,0.05893297120928764,0.02501269057393074,0.03942355513572693,0.04057217389345169,0.028706833720207214,0.02828896977007389,0.02470616064965725,0.03622608631849289,0.027495456859469414,0.04636922478675842,0.026242511346936226,0.027711370959877968,0.029181569814682007,15000,450000,19200,484200
4,24,X6,-1.7188236225779354,5.869479164481163,0.9469559192657471,0.9373011589050293,1.115397334098816,0.9800602197647095,0.9981517791748047,0.04293479025363922,0.043891746550798416,0.02816716767847538,0.04653197526931763,0.07979946583509445,0.0282897911965847,0.05724768340587616,0.027990907430648804,0.02667614445090294,0.026754144579172134,0.021973708644509315,0.02548939175903797,0.055631671100854874,0.02565760910511017,0.04303952306509018,0.04195450246334076,0.029156578704714775,0.027920855209231377,0.02368488349020481,0.03437326103448868,0.025649219751358032,0.04490481689572334,0.026246365159749985,0.02917860820889473,0.028467942029237747,15000,450000,19200,484200
5,0,X19,-0.1117203316881028,8.581547578796744,0.946628212928772,0.9420350790023804,1.1270240545272827,0.9751423001289368,1.0122967958450317,0.05478092283010483,0.3898402750492096,0.04917801916599274,0.293771892786026,0.8990089297294617,0.10014928132295609,0.04153173416852951,0.0607796274125576,0.02600056864321232,0.13949477672576904,0.036910902708768845,0.07343968749046326,0.10183601081371307,0.10220940411090851,0.04996352270245552,0.03148459270596504,0.1690351814031601,0.14088566601276398,0.20190945267677307,0.27470046281814575,0.027078505605459213,0.08497344702482224,0.044980138540267944,0.02772371470928192,0.15675441920757294,15000,450000,19200,484200
5,1,X24,1.4588081809716344,6.539857188239694,0.9468654990196228,0.9363092184066772,1.1169737577438354,0.9824244379997253,0.9962300062179565,0.03963411599397659,0.1516265869140625,0.028300806879997253,0.07622416317462921,0.3164064884185791,0.025409186258912086,0.05634862557053566,0.02850615605711937,0.030667534098029137,0.046710770577192307,0.03730563074350357,0.03817598521709442,0.04196571186184883,0.04430486634373665,0.02838440053164959,0.034782521426677704,0.04374340549111366,0.07591476291418076,0.0680682361125946,0.08809925615787506,0.04454449936747551,0.07970228791236877,0.04913118854165077,0.027205541729927063,0.05989154055714607,15000,450000,19200,484200
5,2,X21,3.6028658112712115,6.029800750315189,0.9501225352287292,0.9361191391944885,1.1158455610275269,0.980973482131958,1.0021060705184937,0.041001420468091965,0.07931698858737946,0.02435997687280178,0.05652279406785965,0.114600770175457,0.03921738639473915,0.04106708616018295,0.02623847685754299,0.02518174983561039,0.02497815527021885,0.026240499690175056,0.03958077356219292,0.04159794747829437,0.031117474660277367,0.024968566372990608,0.032774198800325394,0.027560878545045853,0.04114846512675285,0.04100546985864639,0.0639864057302475,0.03703146427869797,0.05880441889166832,0.04147852212190628,0.02600868232548237,0.03884539008140564,15000,450000,19200,484200
5,3,X24,2.654899292651164,5.85767238587141,0.9463651180267334,0.9370014667510986,1.1188489198684692,0.975747287273407,0.9976726770401001,0.031169261783361435,0.058449529111385345,0.02214587852358818,0.04380811005830765,0.08163890242576599,0.024102438241243362,0.05286836251616478,0.03288841247558594,0.024790016934275627,0.030549975112080574,0.020768051967024803,0.049199603497982025,0.03638102859258652,0.0248273815959692,0.02234736643731594,0.03154211491346359,0.024180514737963676,0.03176368400454521,0.03241952136158943,0.031039386987686157,0.0312160886824131,0.055802032351493835,0.02754293382167816,0.025298595428466797,0.03529772534966469,15000,450000,19200,484200
5,4,X22,2.0328626686492868,5.854498717933893,0.9463294148445129,0.9360718727111816,1.1239748001098633,0.9766899943351746,0.9947303533554077,0.03518793359398842,0.05827212706208229,0.021988585591316223,0.042657557874917984,0.07614225894212723,0.024606406688690186,0.058850016444921494,0.030555693432688713,0.024083437398076057,0.02910398133099079,0.020604725927114487,0.044732991605997086,0.03935648873448372,0.024899078533053398,0.02281213365495205,0.032789453864097595,0.02378677949309349,0.029763268306851387,0.030751559883356094,0.03629504144191742,0.03178936615586281,0.05221829190850258,0.02709381841123104,0.025444285944104195,0.032917000353336334,15000,450000,19200,484200
5,5,X29,-3.5673956583667135,5.851408204063773,0.9453755617141724,0.9364754557609558,1.123454213142395,0.9762569665908813,0.9938663840293884,0.03800487518310547,0.0549037829041481,0.022258760407567024,0.043246231973171234,0.07339240610599518,0.024432772770524025,0.06427428126335144,0.028031736612319946,0.02353300340473652,0.02802146226167679,0.020644037052989006,0.04232874512672424,0.042220573872327805,0.024806369096040726,0.022632991895079613,0.03528446704149246,0.02432621829211712,0.029617566615343094,0.029846081510186195,0.034274354577064514,0.03181681036949158,0.05231037735939026,0.027131272479891777,0.025565380230545998,0.03307506442070007,15000,450000,19200,484200
5,6,X22,-0.7279941770545655,5.849386578425765,0.9466384053230286,0.9359133243560791,1.1206626892089844,0.9749483466148376,0.9915927052497864,0.030292702838778496,0.05209381505846977,0.021868444979190826,0.0347963385283947,0.09897781163454056,0.024829262867569923,0.05978298559784889,0.03012044169008732,0.022748349234461784,0.02440781146287918,0.020660221576690674,0.04237646982073784,0.04185843840241432,0.02474246546626091,0.022901825606822968,0.043988220393657684,0.024689694866538048,0.0306919664144516,0.027631796896457672,0.04472655430436134,0.028704088181257248,0.046002525836229324,0.026147255674004555,0.025686580687761307,0.02890503965318203,15000,450000,19200,484200
5,7,X18,0.29991814003085704,5.857081579044461,0.947365939617157,0.9358943104743958,1.1193302869796753,0.9753031730651855,0.9927800297737122,0.03240162134170532,0.0540667399764061,0.021504120901226997,0.039329830557107925,0.09973669797182083,0.02479875460267067,0.0606936551630497,0.029291218146681786,0.02242019958794117,0.023984672501683235,0.020827576518058777,0.04288136586546898,0.040475375950336456,0.024774398654699326,0.023141540586948395,0.04350212216377258,0.024542905390262604,0.03064468689262867,0.026480738073587418,0.044498734176158905,0.02841777354478836,0.04627324268221855,0.026163717731833458,0.025765812024474144,0.02979033812880516,15000,450000,19200,484200
5,8,X25,0.8758368882764298,5.853811385110021,0.9457642436027527,0.9359286427497864,1.1199681758880615,0.9749689698219299,0.9936606287956238,0.031443867832422256,0.0557657927274704,0.021457809954881668,0.038481276482343674,0.0967714786529541,0.024700507521629333,0.060650765895843506,0.027990469709038734,0.022579742595553398,0.025746192783117294,0.020631343126296997,0.04347997531294823,0.04205396771430969,0.024930424988269806,0.023542137816548347,0.04264596477150917,0.023928549140691757,0.030472245067358017,0.02570502646267414,0.044962309300899506,0.02808464504778385,0.04555163532495499,0.026173043996095657,0.02573995850980282,0.030031593516469002,15000,450000,19200,484200
5,9,X30,-2.6066904103696875,5.865643374621868,0.9456745982170105,0.9373623728752136,1.118903398513794,0.9760817885398865,0.9954758286476135,0.03078831173479557,0.04602973908185959,0.021810509264469147,0.036729294806718826,0.11465103179216385,0.024225089699029922,0.05012756958603859,0.030114535242319107,0.02359299175441265,0.03360665962100029,0.021872619166970253,0.04875284060835838,0.03832438215613365,0.026502128690481186,0.02490636520087719,0.03651696816086769,0.02325117029249668,0.030410224571824074,0.02414705976843834,0.05176858603954315,0.030838679522275925,0.0420047827064991,0.02640862576663494,0.025873567909002304,0.028891654685139656,15000,450000,19200,484200
5,10,X7,-1.2929507856874158,5.864698376506567,0.9462447762489319,0.9365366697311401,1.118582844734192,0.9763864874839783,0.9942876696586609,0.03174533322453499,0.046075768768787384,0.021928323432803154,0.03564998880028725,0.11731050163507462,0.02408651076257229,0.04848824441432953,0.02990901656448841,0.023159900680184364,0.034883324056863785,0.021952256560325623,0.04921377822756767,0.04109013080596924,0.02609291486442089,0.024135420098900795,0.03608665242791176,0.02323795296251774,0.03033413738012314,0.024080630391836166,0.05022236332297325,0.030493447557091713,0.04095524549484253,0.026532704010605812,0.0259513221681118,0.02904406003654003,15000,450000,19200,484200
5,11,X6,-3.600414714193827,5.864791436120868,0.9463134407997131,0.9364222884178162,1.1173399686813354,0.9766827821731567,0.9947195053100586,0.03172660246491432,0.04526085406541824,0.02183917909860611,0.037778738886117935,0.11973198503255844,0.02407490648329258,0.0497606061398983,0.02932785451412201,0.023115722462534904,0.03508060798048973,0.02189902774989605,0.0487956777215004,0.04057522118091583,0.025931667536497116,0.023988740518689156,0.03613725304603577,0.022991687059402466,0.02857333794236183,0.023670818656682968,0.04980796203017235,0.030880771577358246,0.04101403430104256,0.02649078331887722,0.025911960750818253,0.02894745022058487,15000,450000,19200,484200
5,12,X28,-4.256695885569743,5.874761493876576,0.9478784203529358,0.936048686504364,1.1186953783035278,0.9774463176727295,0.995643675327301,0.032447170466184616,0.05253056436777115,0.021290265023708344,0.04492243379354477,0.11313951760530472,0.024295281618833542,0.045651763677597046,0.03403541073203087,0.025319840759038925,0.03835636004805565,0.02149870991706848,0.04225932061672211,0.04147469252347946,0.026173459365963936,0.02636062726378441,0.03586370870471001,0.02312440238893032,0.02794555015861988,0.02397487871348858,0.04422122612595558,0.031556569039821625,0.041941914707422256,0.02656533569097519,0.025874298065900803,0.028225714340806007,15000,450000,19200,484200
5,13,X14,3.0616769894742895,5.87061445787549,0.9476655721664429,0.9361057877540588,1.1183435916900635,0.9769814610481262,0.9940182566642761,0.03252526372671127,0.052604760974645615,0.02128993719816208,0.043634895235300064,0.1130872368812561,0.024281904101371765,0.04518338665366173,0.03366311639547348,0.025321828201413155,0.036670081317424774,0.021534567698836327,0.04080946370959282,0.04184112325310707,0.0264488086104393,0.027113499119877815,0.03645101189613342,0.02505382150411606,0.027955811470746994,0.023664753884077072,0.0436762273311615,0.032082974910736084,0.04174688085913658,0.02661535143852234,0.025816336274147034,0.028426745906472206,15000,450000,19200,484200
5,14,X30,-4.036861097485915,5.869082110002637,0.946995198726654,0.9360575675964355,1.117768406867981,0.9767581820487976,0.9942823648452759,0.032801512628793716,0.05236927047371864,0.021218150854110718,0.043363045901060104,0.11361221224069595,0.024370351806282997,0.04559018835425377,0.03334525600075722,0.02534092776477337,0.03701873496174812,0.021617211401462555,0.04125923290848732,0.04185895249247551,0.026516033336520195,0.027720538899302483,0.035646602511405945,0.024664927273988724,0.028161318972706795,0.023512564599514008,0.04236887767910957,0.03191758319735527,0.04183807969093323,0.02693319134414196,0.025776274502277374,0.028399350121617317,15000,450000,19200,484200
5,15,X16,-4.438850608710343,5.870366046205163,0.9463948011398315,0.9359502196311951,1.1166212558746338,0.9790286421775818,0.995182454586029,0.0353560708463192,0.04854797199368477,0.0210549458861351,0.041816696524620056,0.1184767484664917,0.024378415197134018,0.051340650767087936,0.030394865199923515,0.02604876086115837,0.03408538177609444,0.020824816077947617,0.03891715779900551,0.039148736745119095,0.025635715574026108,0.027224868535995483,0.034403346478939056,0.02429800294339657,0.026518668979406357,0.02313930168747902,0.042828772217035294,0.03445034101605415,0.04751472920179367,0.027310291305184364,0.025627968832850456,0.02784544788300991,15000,450000,19200,484200
5,16,X29,0.6678414699062918,5.870255505666137,0.9463021755218506,0.9359278082847595,1.1170786619186401,0.9786982536315918,0.995329737663269,0.03529961779713631,0.049371812492609024,0.0210553091019392,0.041889600455760956,0.11656259000301361,0.024242648854851723,0.052789587527513504,0.03161494433879852,0.025800518691539764,0.033340632915496826,0.020760605111718178,0.0392228364944458,0.03886903077363968,0.025840455666184425,0.026820028200745583,0.034062404185533524,0.02457902580499649,0.026545172557234764,0.02310427464544773,0.042899467051029205,0.03438304364681244,0.047178033739328384,0.027239002287387848,0.025594890117645264,0.027853336185216904,15000,450000,19200,484200
5,17,X25,3.2069074148469703,5.86679619550705,0.9461843371391296,0.9358835816383362,1.116697907447815,0.978912889957428,0.995850682258606,0.033868204802274704,0.04946950823068619,0.020999904721975327,0.041125643998384476,0.11698895692825317,0.024475006386637688,0.05156424641609192,0.03172113001346588,0.025121737271547318,0.033096931874752045,0.020690394565463066,0.03957752138376236,0.03807642683386803,0.025823529809713364,0.026295751333236694,0.03458261862397194,0.025365963578224182,0.02658831886947155,0.023146139457821846,0.04302278906106949,0.03390086814761162,0.04672937095165253,0.027297306805849075,0.025561492890119553,0.028177034109830856,15000,450000,19200,484200
5,18,X12,0.5303772495048378,5.859962269663811,0.9457929730415344,0.9359006881713867,1.1167246103286743,0.9809591770172119,0.9957674145698547,0.03846800699830055,0.05154956132173538,0.020943675190210342,0.0467802993953228,0.10226110368967056,0.02483529970049858,0.04771506041288376,0.03379756957292557,0.024975281208753586,0.03183945640921593,0.020773209631443024,0.03853335976600647,0.04083108529448509,0.026407871395349503,0.02831953577697277,0.031948816031217575,0.026175713166594505,0.02671234868466854,0.022738071158528328,0.04060336574912071,0.0337650328874588,0.04474947601556778,0.027264902368187904,0.025321990251541138,0.027507314458489418,15000,450000,19200,484200
5,19,X13,-1.8332177131846383,5.857675906270742,0.9460130333900452,0.9358786344528198,1.1170802116394043,0.9817558526992798,0.9959138035774231,0.03797393664717674,0.051891498267650604,0.021026138216257095,0.04733007028698921,0.10154175758361816,0.024755479767918587,0.04730697348713875,0.03379242494702339,0.024943366646766663,0.031151358038187027,0.02067159302532673,0.03682290390133858,0.04101294279098511,0.026492444798350334,0.02773546241223812,0.0319424606859684,0.026010379195213318,0.026697371155023575,0.022655624896287918,0.03946958854794502,0.03261192888021469,0.04723465070128441,0.027241794392466545,0.025316862389445305,0.027405358850955963,15000,450000,19200,484200
5,20,X12,0.5421980539757199,5.856562424451113,0.9459084272384644,0.9359135627746582,1.1168160438537598,0.9804105162620544,0.9965360760688782,0.03803069144487381,0.05038342997431755,0.021172914654016495,0.0467413067817688,0.10229666531085968,0.02504653111100197,0.04734133929014206,0.0338306725025177,0.025552066043019295,0.030960308387875557,0.02118978463113308,0.03730498254299164,0.040590912103652954,0.026327606290578842,0.027165040373802185,0.03191613778471947,0.02622297964990139,0.026598799973726273,0.02257656306028366,0.038979705423116684,0.032989561557769775,0.048205647617578506,0.02709108404815197,0.025296704843640327,0.02716636285185814,15000,450000,19200,484200
5,21,X6,-3.6115994104058324,5.849939497187734,0.9457864761352539,0.9358941912651062,1.1165255308151245,0.9805042743682861,0.9954078793525696,0.03455157205462456,0.046070318669080734,0.021542994305491447,0.05070959031581879,0.10546966642141342,0.02454502135515213,0.04436583071947098,0.03365931287407875,0.024569587782025337,0.0334603376686573,0.02115296944975853,0.03484697267413139,0.04269259050488472,0.02640843577682972,0.02681852877140045,0.031099943444132805,0.025747716426849365,0.026680760085582733,0.022542983293533325,0.039531175047159195,0.03356308490037918,0.0461806021630764,0.02678145468235016,0.0252367053180933,0.027592990547418594,15000,450000,19200,484200
5,22,X7,-0.4213836709430545,5.850854204967618,0.9459797143936157,0.9358915090560913,1.1167060136795044,0.9807115197181702,0.9953880906105042,0.03505447879433632,0.04599576070904732,0.02158178761601448,0.0509762205183506,0.10481388866901398,0.024547956883907318,0.044187892228364944,0.03334041312336922,0.0246343445032835,0.03365615755319595,0.021305682137608528,0.03490208461880684,0.04300804063677788,0.0265299454331398,0.026771465316414833,0.03113447315990925,0.025805871933698654,0.026708777993917465,0.022498037666082382,0.03914938122034073,0.03361721336841583,0.0462149940431118,0.02681182138621807,0.025220289826393127,0.027710378170013428,15000,450000,19200,484200
5,23,X12,-3.8611217638800186,5.851716546341777,0.9464612007141113,0.9359335899353027,1.116982102394104,0.9803304672241211,0.9953111410140991,0.03546363115310669,0.04680360481142998,0.02187696471810341,0.051872871816158295,0.10309986025094986,0.02460024692118168,0.044208746403455734,0.03404767066240311,0.024928279221057892,0.03298325464129448,0.021501464769244194,0.03432382270693779,0.04293455556035042,0.026531141251325607,0.027267711237072945,0.030777033418416977,0.025784973055124283,0.02675914391875267,0.022537533193826675,0.03913192078471184,0.03349266201257706,0.046046290546655655,0.026851482689380646,0.025202998891472816,0.027670180425047874,15000,450000,19200,484200
5,24,X14,1.7297765239554055,5.837191890925169,0.9457145929336548,0.9358791708946228,1.116261601448059,0.9799352288246155,0.9956239461898804,0.03309062123298645,0.04372815415263176,0.021856559440493584,0.05431344732642174,0.10019781440496445,0.025030501186847687,0.04008479043841362,0.032606929540634155,0.02568683587014675,0.029079360887408257,0.021821124479174614,0.03243127837777138,0.04522671177983284,0.02642873115837574,0.028999088332057,0.032247256487607956,0.025786248967051506,0.02694774977862835,0.022794967517256737,0.037595462054014206,0.033404529094696045,0.04513517767190933,0.027189888060092926,0.025225292891263962,0.026868829503655434,15000,450000,19200,484200
6,0,X18,0.0661264302950908,8.867160169407725,0.9472010731697083,0.9468133449554443,1.1184974908828735,1.0004438161849976,0.9925554394721985,0.02806546352803707,0.5975642204284668,0.08685371279716492,0.5217485427856445,0.299905002117157,0.030488334596157074,0.04589638113975525,0.20751428604125977,0.0809280276298523,0.3195625841617584,0.036544110625982285,0.10543718189001083,0.48819953203201294,0.09136196970939636,0.026880651712417603,0.09526947885751724,0.05412955954670906,0.06751834601163864,0.07354287058115005,0.3227290213108063,0.023479308933019638,0.07468856126070023,0.07071354240179062,0.044941496104002,0.06768681854009628,15000,450000,19200,484200
6,1,X1,-4.0139344141827245,6.85620504617691,0.9472006559371948,0.966988205909729,1.1153464317321777,0.9962020516395569,0.9990705251693726,0.035064104944467545,0.23137474060058594,0.08596811443567276,0.1589941531419754,0.1704065501689911,0.024869408458471298,0.0817769467830658,0.08820034563541412,0.05291909724473953,0.11985407024621964,0.028073947876691818,0.03826760873198509,0.14530958235263824,0.04896917566657066,0.02671753615140915,0.03183064982295036,0.030326982960104942,0.04358689859509468,0.04439496994018555,0.12601888179779053,0.023385902866721153,0.07580602914094925,0.048370640724897385,0.03624960780143738,0.03466122969985008,15000,450000,19200,484200
6,2,X17,0.579934163430206,6.338560128584504,0.945269763469696,0.9537726640701294,1.1160155534744263,1.0272098779678345,0.9994592070579529,0.027143346145749092,0.10851678252220154,0.050091397017240524,0.05938117951154709,0.10496341437101364,0.025237850844860077,0.09031914919614792,0.053442224860191345,0.046267490833997726,0.051266707479953766,0.028401266783475876,0.026440178975462914,0.12748728692531586,0.027330460026860237,0.02617999166250229,0.03839699551463127,0.02937731146812439,0.03652556613087654,0.046338118612766266,0.0702492743730545,0.024012137204408646,0.0845019519329071,0.046229101717472076,0.038740068674087524,0.029993809759616852,15000,450000,19200,484200
6,3,X21,-3.9063731821522616,6.015639994293451,0.9448950886726379,0.9362754225730896,1.11803138256073,1.0068023204803467,0.9918891787528992,0.04704573005437851,0.04919403791427612,0.021374160423874855,0.07087929546833038,0.10220813006162643,0.02897474355995655,0.05397929251194,0.044515494257211685,0.026278825476765633,0.02792510762810707,0.02123425342142582,0.035012345761060715,0.04341575503349304,0.028284411877393723,0.03589027002453804,0.05224480852484703,0.02480408363044262,0.030530456453561783,0.03216436877846718,0.07068569213151932,0.024821078404784203,0.05316481739282608,0.027125269174575806,0.032266732305288315,0.03372744098305702,15000,450000,19200,484200
6,4,X15,-2.6814445258858965,5.969624204561114,0.9451664090156555,0.9359641075134277,1.1173032522201538,1.0032908916473389,0.9914600253105164,0.04353856295347214,0.04092409461736679,0.02134176529943943,0.062455762177705765,0.1005144789814949,0.029502231627702713,0.061689551919698715,0.03918810933828354,0.024826955050230026,0.027987800538539886,0.022498348727822304,0.0319470539689064,0.04383205994963646,0.030048253014683723,0.030909476801753044,0.04689750447869301,0.02454974688589573,0.030653221532702446,0.03231316804885864,0.06510560214519501,0.024608489125967026,0.04925404489040375,0.02642066590487957,0.032510142773389816,0.03292242810130119,15000,450000,19200,484200
6,5,X17,4.65916399949108,5.979736534878612,0.946313738822937,0.9358783960342407,1.117118000984192,1.010342001914978,0.9914700984954834,0.04787208139896393,0.041958317160606384,0.021662293002009392,0.06363030523061752,0.1113165020942688,0.028474196791648865,0.06303582340478897,0.03422064706683159,0.023938020691275597,0.027133041992783546,0.021672744303941727,0.03219396248459816,0.04264942556619644,0.029250020161271095,0.03297560289502144,0.04252052307128906,0.025246575474739075,0.03068653494119644,0.031198162585496902,0.06056464463472366,0.026560014113783836,0.04794573038816452,0.028941556811332703,0.03029315546154976,0.03267441689968109,15000,450000,19200,484200
6,6,X30,1.144845157129195,5.9094275292009115,0.9473682641983032,0.9359067678451538,1.115707278251648,1.0097243785858154,0.9918533563613892,0.035123638808727264,0.043335456401109695,0.021620647981762886,0.0659521222114563,0.1061965674161911,0.02456841990351677,0.04879450052976608,0.025187741965055466,0.023023545742034912,0.02351350709795952,0.021965745836496353,0.027996519580483437,0.04330069199204445,0.025055015459656715,0.025293027982115746,0.04792863503098488,0.023943347856402397,0.030357828363776207,0.029661141335964203,0.04440806061029434,0.028277672827243805,0.05771200731396675,0.02792327105998993,0.02794935554265976,0.029779015108942986,15000,450000,19200,484200
6,7,X13,-0.7696121792678765,5.90397996455431,0.9475615620613098,0.9359323382377625,1.1154513359069824,1.0057486295700073,0.9918450713157654,0.03313162922859192,0.044491127133369446,0.021662011742591858,0.06571064889431,0.1076667308807373,0.024579843506217003,0.046672239899635315,0.024805404245853424,0.02282530814409256,0.023285677656531334,0.021724984049797058,0.029060861095786095,0.04601341113448143,0.02509567327797413,0.02420026808977127,0.04599983990192413,0.023684080690145493,0.030403727665543556,0.029080705717206,0.041692692786455154,0.029222367331385612,0.05830593407154083,0.02829667180776596,0.028681280091404915,0.03114790841937065,15000,450000,19200,484200
6,8,X27,-1.1605582413204694,5.885768108069897,0.9462319612503052,0.9358855485916138,1.1154340505599976,1.002264142036438,0.9919162392616272,0.03229287639260292,0.04342489689588547,0.021684596315026283,0.062396902590990067,0.1058371365070343,0.02409576065838337,0.0452471524477005,0.025395365431904793,0.0226844921708107,0.02324288710951805,0.021419454365968704,0.02870335429906845,0.04352841526269913,0.025347858667373657,0.02369343861937523,0.04602137580513954,0.024020593613386154,0.02982945181429386,0.028954530134797096,0.040864188224077225,0.029425160959362984,0.058322492986917496,0.02786196582019329,0.028778253123164177,0.030963566154241562,15000,450000,19200,484200
6,9,X25,2.659195549436907,5.885285319760442,0.9467454552650452,0.9364445805549622,1.1153616905212402,0.9958443641662598,0.9917631149291992,0.027938995510339737,0.03951295092701912,0.02265678532421589,0.050263989716768265,0.1088685467839241,0.024756642058491707,0.05451768636703491,0.0240128543227911,0.022528812289237976,0.02289300598204136,0.023584064096212387,0.0255502387881279,0.04356515407562256,0.024783335626125336,0.029281578958034515,0.049462128430604935,0.024558432400226593,0.029865413904190063,0.029862096533179283,0.03865430876612663,0.029891204088926315,0.058392345905303955,0.026976298540830612,0.03020228073000908,0.036546964198350906,15000,450000,19200,484200
6,10,X12,3.621996254975242,5.880398167297244,0.94605952501297,0.9361823201179504,1.115418553352356,0.994139552116394,0.9920954704284668,0.02973944880068302,0.039601873606443405,0.022731028497219086,0.04856647923588753,0.1074112132191658,0.024679256603121758,0.05511683598160744,0.02384807914495468,0.022478146478533745,0.022300446406006813,0.023328568786382675,0.02525937743484974,0.043934937566518784,0.02488136477768421,0.03039107844233513,0.04858700558543205,0.02481064945459366,0.02968609146773815,0.030371835455298424,0.03845219314098358,0.030162876471877098,0.057908911257982254,0.027015624567866325,0.02984345145523548,0.035395972430706024,15000,450000,19200,484200
6,11,X6,1.1615119978215516,5.88270434550941,0.9455881714820862,0.936328649520874,1.11534583568573,0.9943673014640808,0.991924524307251,0.029850216582417488,0.04134078323841095,0.022722817957401276,0.05056781321763992,0.10251174867153168,0.024557607248425484,0.05580778047442436,0.024328533560037613,0.02245078794658184,0.02246788516640663,0.02333221584558487,0.02551851235330105,0.0443551167845726,0.02510371431708336,0.029877690598368645,0.049555741250514984,0.02495291456580162,0.030190736055374146,0.030086170881986618,0.03980742767453194,0.029811173677444458,0.05849755182862282,0.02708311751484871,0.0293421670794487,0.035029638558626175,15000,450000,19200,484200
6,12,X28,0.14414988350035962,5.899805761873722,0.9454694986343384,0.9362045526504517,1.1153520345687866,0.9870502948760986,0.9921771287918091,0.03418183699250221,0.04649966582655907,0.023595036938786507,0.057244922965765,0.10747655481100082,0.02493910863995552,0.055017344653606415,0.024398652836680412,0.023857109248638153,0.024818679317831993,0.02399832010269165,0.028134876862168312,0.043462470173835754,0.025213100016117096,0.03354427590966225,0.04851268231868744,0.024658042937517166,0.030333317816257477,0.02828720398247242,0.03878083825111389,0.03135429695248604,0.05419527739286423,0.028407514095306396,0.030526889488101006,0.03211423382163048,15000,450000,19200,484200
6,13,X5,0.7742552930416142,5.8991419561207294,0.9452254176139832,0.9364743232727051,1.115354061126709,0.9882964491844177,0.9922183156013489,0.03421381488442421,0.045633748173713684,0.023452704772353172,0.057030852884054184,0.1049354076385498,0.02488558553159237,0.05557052791118622,0.024680238217115402,0.02409195713698864,0.025100385770201683,0.023680469021201134,0.028054164722561836,0.04579273611307144,0.025142427533864975,0.0333232618868351,0.04784117266535759,0.024796990677714348,0.030272873118519783,0.028174586594104767,0.03876623511314392,0.031192505732178688,0.05358012393116951,0.028572475537657738,0.0305134616792202,0.03227468207478523,15000,450000,19200,484200
6,14,X1,3.6890776287120044,5.912408037111163,0.9452359676361084,0.9362586736679077,1.1153546571731567,0.9877358675003052,0.9922486543655396,0.03356938436627388,0.04684590920805931,0.02362852916121483,0.05785472318530083,0.11800391227006912,0.024796783924102783,0.05455506592988968,0.026538711041212082,0.023754140362143517,0.025768917053937912,0.023836877197027206,0.028135092929005623,0.04689280316233635,0.025144062936306,0.03395182639360428,0.04648548737168312,0.024768183007836342,0.030317528173327446,0.027362927794456482,0.036627717316150665,0.031599175184965134,0.05382809787988663,0.02827812358736992,0.03013254888355732,0.03289768844842911,15000,450000,19200,484200
6,15,X19,-3.6940574969245423,5.896214617416263,0.944892406463623,0.9361422657966614,1.1153972148895264,0.9849731922149658,0.9934561252593994,0.03228115662932396,0.05381392315030098,0.02350049652159214,0.05890323594212532,0.10135773569345474,0.024203768000006676,0.057319704443216324,0.02727586403489113,0.024144619703292847,0.023388240486383438,0.023120533674955368,0.02715696021914482,0.04766085371375084,0.024760616943240166,0.03787672519683838,0.044714171439409256,0.023815663531422615,0.029017092660069466,0.02746254950761795,0.0347537137567997,0.031033974140882492,0.05334024131298065,0.028017960488796234,0.030687037855386734,0.031746573746204376,15000,450000,19200,484200
6,16,X29,1.4999719934065272,5.892970707267523,0.9448902606964111,0.9362282752990723,1.1154072284698486,0.984133780002594,0.9935368299484253,0.032233644276857376,0.05345337465405464,0.023049475625157356,0.05818253383040428,0.10126059502363205,0.02421959489583969,0.05591612309217453,0.027144134044647217,0.023651132360100746,0.023537972941994667,0.023185908794403076,0.027676617726683617,0.048339929431676865,0.024776237085461617,0.0383002907037735,0.04642012342810631,0.024442419409751892,0.029022827744483948,0.02695825882256031,0.03443477302789688,0.030953075736761093,0.05199602618813515,0.027904091402888298,0.0306862723082304,0.031028900295495987,15000,450000,19200,484200
6,17,X22,-0.5493312322134569,5.888996297493577,0.9448848962783813,0.9361193776130676,1.1154289245605469,0.984027087688446,0.9935224056243896,0.03301643952727318,0.0544256828725338,0.02371465601027012,0.057515356689691544,0.09942062944173813,0.024075329303741455,0.053987279534339905,0.026495637372136116,0.0234375,0.023862801492214203,0.023287680000066757,0.0281512551009655,0.048859644681215286,0.024731667712330818,0.03669602423906326,0.046345483511686325,0.024455413222312927,0.0285786222666502,0.027266517281532288,0.034773293882608414,0.030461149290204048,0.05190133675932884,0.02785179205238819,0.030186979100108147,0.03151543438434601,15000,450000,19200,484200
6,18,X8,-1.1693007432422728,5.882969239726663,0.9453189969062805,0.9360126852989197,1.1153934001922607,0.9834802150726318,0.9929959774017334,0.03239532187581062,0.051938921213150024,0.0224420465528965,0.05706829950213432,0.10596803575754166,0.024388600140810013,0.04890313744544983,0.026440780609846115,0.022606704384088516,0.024533452466130257,0.021755581721663475,0.028636761009693146,0.047169946134090424,0.0261918343603611,0.03786375746130943,0.048510272055864334,0.0235070139169693,0.028822392225265503,0.025621065869927406,0.03575943037867546,0.02999097853899002,0.049974650144577026,0.027490831911563873,0.029714420437812805,0.0320737287402153,15000,450000,19200,484200
6,19,X5,-2.522136250364211,5.878209609538317,0.9452025890350342,0.9359921813011169,1.115399956703186,0.9830302596092224,0.9929774403572083,0.03175791725516319,0.05036435276269913,0.022241687402129173,0.05937335640192032,0.10390178859233856,0.02410937286913395,0.05151103809475899,0.02578135021030903,0.02329062670469284,0.02518674172461033,0.021774880588054657,0.029077615588903427,0.04694487154483795,0.026137571781873703,0.03497447073459625,0.047785986214876175,0.023438135161995888,0.028443336486816406,0.025109412148594856,0.03623310476541519,0.030125463381409645,0.04957687854766846,0.027543406933546066,0.028623731806874275,0.032300084829330444,15000,450000,19200,484200
6,20,X25,4.4127924509701195,5.881029417738318,0.9451016783714294,0.9359862208366394,1.1153779029846191,0.9836357831954956,0.9934118390083313,0.03293141350150108,0.04936215281486511,0.022527877241373062,0.05827661231160164,0.106423519551754,0.024269949644804,0.05231229215860367,0.025720741599798203,0.023432279005646706,0.02506309747695923,0.02169669419527054,0.028756242245435715,0.04665295407176018,0.026142079383134842,0.03499533608555794,0.047418493777513504,0.023385124281048775,0.02843235619366169,0.024961654096841812,0.03640541434288025,0.03034556843340397,0.04958124831318855,0.02754775620996952,0.028470303863286972,0.032404832541942596,15000,450000,19200,484200
6,21,X6,2.6272593789558574,5.8685139659792185,0.9449244141578674,0.9360482692718506,1.1154576539993286,0.986421525478363,0.9931716322898865,0.03084171935915947,0.04615464806556702,0.022648276761174202,0.05668930336833,0.10223696380853653,0.024554109200835228,0.05297392979264259,0.025562549009919167,0.02418219856917858,0.024657433852553368,0.022141071036458015,0.02965097874403,0.04386811703443527,0.026301370933651924,0.0359000638127327,0.047253258526325226,0.023063592612743378,0.02768375538289547,0.025648582726716995,0.036634840071201324,0.0297869723290205,0.047175776213407516,0.027366971597075462,0.02742389403283596,0.032090093940496445,15000,450000,19200,484200
6,22,X14,2.0181063862351634,5.865404482930899,0.9449188113212585,0.9360049366950989,1.1154967546463013,0.9859424829483032,0.992707371711731,0.03158361464738846,0.04435257613658905,0.022740306332707405,0.05427677184343338,0.10158905386924744,0.02445918880403042,0.05392377823591232,0.025475433096289635,0.024146337062120438,0.024754183366894722,0.022324414923787117,0.028744632378220558,0.0445406399667263,0.02631344646215439,0.03571656718850136,0.046512823551893234,0.02572111040353775,0.02773592621088028,0.025941623374819756,0.03629148751497269,0.030050141736865044,0.04710085317492485,0.027526581659913063,0.027255592867732048,0.03125704079866409,15000,450000,19200,484200
6,23,X5,0.36390172889458317,5.864535924047232,0.9449002146720886,0.9360883235931396,1.1154870986938477,0.9855031967163086,0.9927220940589905,0.03164845332503319,0.04426535964012146,0.02283770777285099,0.05464745685458183,0.10185441374778748,0.024452943354845047,0.05421888828277588,0.025409812107682228,0.024163303896784782,0.0248250775039196,0.022348271682858467,0.02850930579006672,0.04426974803209305,0.026421397924423218,0.03567669913172722,0.04661630466580391,0.02509145252406597,0.02781931310892105,0.025836147367954254,0.036230817437171936,0.030017683282494545,0.04669685661792755,0.027513308450579643,0.027142975479364395,0.03132129833102226,15000,450000,19200,484200
6,24,X27,2.20765518093459,5.862242264673114,0.9448896646499634,0.9362686276435852,1.1154001951217651,0.9837504625320435,0.9935030341148376,0.03207864984869957,0.044636279344558716,0.023196188732981682,0.06000429764389992,0.09816963225603104,0.0240741278976202,0.05226558446884155,0.024895329028367996,0.02366933785378933,0.024451926350593567,0.02223956398665905,0.028391845524311066,0.04236885905265808,0.026267318055033684,0.03316229209303856,0.046704377979040146,0.0239797942340374,0.0279652439057827,0.026127777993679047,0.03962143510580063,0.03001353330910206,0.048859260976314545,0.02700706571340561,0.027226515114307404,0.031054044142365456,15000,450000,19200,484200
7,0,X3,-2.3705034917352172,10.365708153694868,0.9451525211334229,0.9411455392837524,1.1157554388046265,1.0121396780014038,0.9979116320610046,0.0393865741789341,0.16853708028793335,0.1408374309539795,0.371359646320343,1.5954583883285522,0.08942262828350067,0.0681661069393158,0.4960215985774994,0.12971925735473633,0.25913500785827637,0.1827792376279831,0.06299789994955063,0.07023408263921738,0.05814812332391739,0.08223575353622437,0.0268852636218071,0.25127649307250977,0.11002583056688309,0.23597534000873566,0.37129518389701843,0.11337004601955414,0.13476358354091644,0.13210426270961761,0.03956005722284317,0.12390846759080887,15000,450000,19200,484200
7,1,X28,3.629284949026113,7.042811023071408,0.9449182748794556,0.9523131847381592,1.1279778480529785,1.0187983512878418,1.000510811805725,0.04344087839126587,0.039726339280605316,0.04853134602308273,0.17284658551216125,0.5568557977676392,0.03948210924863815,0.03990091383457184,0.027910582721233368,0.06898993253707886,0.1199750229716301,0.04008416831493378,0.024717573076486588,0.06694119423627853,0.02516818605363369,0.05297613516449928,0.039072319865226746,0.06788550317287445,0.0839865580201149,0.1057468131184578,0.06418688595294952,0.024161476641893387,0.09273885190486908,0.07208295911550522,0.026587016880512238,0.05429740250110626,15000,450000,19200,484200
7,2,X4,0.020409425595827813,6.4255629405379295,0.9454207420349121,0.9580758810043335,1.132772445678711,1.0177150964736938,0.9952434301376343,0.03871191293001175,0.0399884469807148,0.0494365356862545,0.14629821479320526,0.22473180294036865,0.036491427570581436,0.04098520055413246,0.024565856903791428,0.06684357672929764,0.08275880664587021,0.025916103273630142,0.024905532598495483,0.06654591858386993,0.024507110938429832,0.061758317053318024,0.03838854283094406,0.030642762780189514,0.049924079328775406,0.046206071972846985,0.03460732847452164,0.028619350865483284,0.08598862588405609,0.030127475038170815,0.026984116062521935,0.05040222778916359,15000,450000,19200,484200
7,3,X3,0.5309139532406757,6.072247160598636,0.9521163105964661,0.9368839859962463,1.1169368028640747,0.9966378211975098,0.9979777336120605,0.03304874897003174,0.05164797231554985,0.03453963249921799,0.04741353541612625,0.12165892124176025,0.024430761113762856,0.042440831661224365,0.02369990572333336,0.031464431434869766,0.04371675103902817,0.025986067950725555,0.029677657410502434,0.06896881759166718,0.029778171330690384,0.07784876972436905,0.047642409801483154,0.02970481850206852,0.03200681507587433,0.033308908343315125,0.03480079025030136,0.03638862445950508,0.06322755664587021,0.03247387707233429,0.028916988521814346,0.046902742236852646,15000,450000,19200,484200
7,4,X25,2.9597354117875447,6.048926351591945,0.9515062570571899,0.9379934072494507,1.1160428524017334,0.9920250177383423,0.9986726641654968,0.03503084182739258,0.051454633474349976,0.032919175922870636,0.04884253814816475,0.11324987560510635,0.024240918457508087,0.04275638982653618,0.023610206320881844,0.030885541811585426,0.03933399170637131,0.026665981858968735,0.029665788635611534,0.07066263258457184,0.027096547186374664,0.08176679164171219,0.04532545059919357,0.0273581650108099,0.028720146045088768,0.03244507312774658,0.0325370654463768,0.036223504692316055,0.06373386085033417,0.029601680114865303,0.02917635627090931,0.04938299581408501,15000,450000,19200,484200
7,5,X8,3.972874719314593,6.026893939822912,0.9513070583343506,0.936776340007782,1.116147756576538,0.9885545372962952,0.9970466494560242,0.03516984358429909,0.052517905831336975,0.03288574144244194,0.04883557930588722,0.10825316607952118,0.02414076030254364,0.04598788172006607,0.023050716146826744,0.03019770421087742,0.03783430904150009,0.025672834366559982,0.02938712015748024,0.06718567758798599,0.026812449097633362,0.0731988474726677,0.04477480426430702,0.028099551796913147,0.02817530184984207,0.030878063291311264,0.03119892068207264,0.037749994546175,0.06802161037921906,0.031166883185505867,0.029090527445077896,0.04677540436387062,15000,450000,19200,484200
7,6,X4,0.054277638607757694,5.97171239182353,0.9498194456100464,0.9359211921691895,1.119113802909851,0.9865896701812744,0.9987070560455322,0.034878116101026535,0.033614519983530045,0.028431575745344162,0.04641345143318176,0.12265197932720184,0.024053869768977165,0.060251384973526,0.022731924429535866,0.02214178256690502,0.04959888383746147,0.026175139471888542,0.030540332198143005,0.05935763940215111,0.024361463263630867,0.03867032378911972,0.03503622114658356,0.025515273213386536,0.029179245233535767,0.03348899260163307,0.033043526113033295,0.03249731659889221,0.07927406579256058,0.028382979333400726,0.028202956542372704,0.03306826204061508,15000,450000,19200,484200
7,7,X7,-0.48082923082204854,5.968437058851123,0.949244499206543,0.9359019994735718,1.1186468601226807,0.9884171485900879,0.9968054294586182,0.03768894448876381,0.03412708640098572,0.02680664137005806,0.045722804963588715,0.12418005615472794,0.024497264996170998,0.06040271744132042,0.022691868245601654,0.0221244003623724,0.04341279715299606,0.025909921154379845,0.03151030093431473,0.05803898349404335,0.024596992880105972,0.0370895080268383,0.0343511700630188,0.026453791186213493,0.028669636696577072,0.03381354361772537,0.03293905779719353,0.033406779170036316,0.07867088168859482,0.02810746058821678,0.02855801023542881,0.035650502890348434,15000,450000,19200,484200
7,8,X20,-4.596701918913366,5.957017345353961,0.9493488669395447,0.9358789324760437,1.1181244850158691,0.9918054342269897,0.995948076248169,0.035923317074775696,0.0338851697742939,0.025725560262799263,0.04425445571541786,0.11825218051671982,0.024155408143997192,0.053032755851745605,0.022556206211447716,0.022806789726018906,0.0451461486518383,0.02581302635371685,0.02986040525138378,0.057939205318689346,0.024864278733730316,0.0370379239320755,0.034738488495349884,0.0277353897690773,0.028842980042099953,0.03233962878584862,0.034782104194164276,0.03325099125504494,0.08083128184080124,0.028190504759550095,0.02925703302025795,0.03469031676650047,15000,450000,19200,484200
7,9,X4,-4.88043076830587,5.930389449000359,0.9502964019775391,0.9360564947128296,1.1163735389709473,0.9925869107246399,0.9952628016471863,0.034676551818847656,0.038790229707956314,0.021016404032707214,0.048994775861501694,0.10538198053836823,0.025440311059355736,0.05551856756210327,0.022560803219676018,0.026815693825483322,0.035980720072984695,0.021733112633228302,0.030385326594114304,0.06312510371208191,0.024554697796702385,0.026206158101558685,0.03571678325533867,0.027589507400989532,0.028566550463438034,0.0312102809548378,0.03933541476726532,0.03539540618658066,0.06836631894111633,0.027004677802324295,0.028116637840867043,0.03733128681778908,15000,450000,19200,484200
7,10,X5,-4.080213613429818,5.925148954614997,0.9510440826416016,0.936202347278595,1.1163523197174072,0.9927446246147156,0.995329737663269,0.03316936269402504,0.03834680840373039,0.02109448052942753,0.04631588235497475,0.1096787303686142,0.024259278550744057,0.054523032158613205,0.02252579666674137,0.02600344829261303,0.03372308611869812,0.021619930863380432,0.03009621612727642,0.060510341078042984,0.024308817461133003,0.026478195562958717,0.038808926939964294,0.027172720059752464,0.028991099447011948,0.029262719675898552,0.04017416387796402,0.03312469273805618,0.06949375569820404,0.027026807889342308,0.029525810852646828,0.03724173828959465,15000,450000,19200,484200
7,11,X2,-4.122784489409925,5.931287065148354,0.9507113099098206,0.9362004995346069,1.1160471439361572,0.9933090209960938,0.9951984286308289,0.04038015007972717,0.036265283823013306,0.021515097469091415,0.0468631312251091,0.10830669850111008,0.024271493777632713,0.05495556816458702,0.0224872175604105,0.0260683111846447,0.031200775876641273,0.021794414147734642,0.030590008944272995,0.06193246319890022,0.024247782304883003,0.027647649869322777,0.03793922811746597,0.02720986306667328,0.029100434854626656,0.02854767069220543,0.04028993099927902,0.033274125307798386,0.07097632437944412,0.026961859315633774,0.02918206714093685,0.03781311213970184,15000,450000,19200,484200
7,12,X21,4.940872773689634,5.8948573507368565,0.9510599970817566,0.9360314607620239,1.116502285003662,0.9912517666816711,0.9938035607337952,0.04196080565452576,0.0421753004193306,0.02420131489634514,0.04062829166650772,0.09504619240760803,0.02413722313940525,0.058624859899282455,0.022859062999486923,0.024501612409949303,0.027073459699749947,0.022148380056023598,0.028676416724920273,0.05413375422358513,0.02442559227347374,0.030720876529812813,0.03315763920545578,0.023004190996289253,0.029769929125905037,0.02741275727748871,0.03653637692332268,0.03599219769239426,0.06567177921533585,0.026936262845993042,0.03003254346549511,0.03638146072626114,15000,450000,19200,484200
7,13,X29,3.1068936570389774,5.890946753323078,0.9512332677841187,0.9359903335571289,1.1165950298309326,0.990805447101593,0.9947243332862854,0.04070457071065903,0.04231724888086319,0.024647090584039688,0.04005284607410431,0.09564515948295593,0.02425466850399971,0.05881287902593613,0.02317187935113907,0.024557750672101974,0.026450350880622864,0.022124020382761955,0.02849830873310566,0.05443272739648819,0.024514149874448776,0.029876580461859703,0.033292073756456375,0.022832313552498817,0.029637891799211502,0.02702696993947029,0.03555374592542648,0.0351988710463047,0.06467694044113159,0.026743320748209953,0.03002224676311016,0.03655373677611351,15000,450000,19200,484200
7,14,X1,2.034528829199135,5.89697047509253,0.9512452483177185,0.9360635876655579,1.1165634393692017,0.9896083474159241,0.994979739189148,0.039243657141923904,0.04073789715766907,0.02440585009753704,0.04272959381341934,0.10276130586862564,0.024342158809304237,0.0586712509393692,0.0235537588596344,0.02467944659292698,0.02641007862985134,0.02190159074962139,0.028411535546183586,0.05335275083780289,0.024446070194244385,0.0297427736222744,0.03390022739768028,0.022549308836460114,0.029392961412668228,0.027067366987466812,0.0362524576485157,0.03504158928990364,0.06529290229082108,0.026791460812091827,0.030186517164111137,0.03664560243487358,15000,450000,19200,484200
7,15,X17,-0.22011011833820593,5.881377186626196,0.94846510887146,0.9369644522666931,1.1166807413101196,0.986608624458313,0.9958350658416748,0.03683867305517197,0.03801064193248749,0.026289699599146843,0.04896695166826248,0.08987614512443542,0.02472498081624508,0.059893302619457245,0.02474590763449669,0.023278091102838516,0.02769504487514496,0.022518910467624664,0.029023129492998123,0.04606577754020691,0.02426035702228546,0.030679337680339813,0.037277549505233765,0.022096503525972366,0.029052047058939934,0.02765890397131443,0.03718629106879234,0.033330291509628296,0.06273821741342545,0.02712174691259861,0.0301047470420599,0.03738994523882866,15000,450000,19200,484200
7,16,X23,4.172241474811186,5.882825989276171,0.9479374885559082,0.9368057250976562,1.1169086694717407,0.9854669570922852,0.9951324462890625,0.036754511296749115,0.03924604132771492,0.02578301727771759,0.05047585815191269,0.09100267291069031,0.024603908881545067,0.06021236628293991,0.024994075298309326,0.023233799263834953,0.027446193620562553,0.02258099988102913,0.028455473482608795,0.04545106366276741,0.02426544763147831,0.03116627223789692,0.038485582917928696,0.02207730896770954,0.02904101461172104,0.027643214911222458,0.0363900363445282,0.033249273896217346,0.06335765868425369,0.027150632813572884,0.030137808993458748,0.0373704694211483,15000,450000,19200,484200
7,17,X23,-2.054827352810773,5.879676431417465,0.9475570321083069,0.9364194273948669,1.1165406703948975,0.9846517443656921,0.9947318434715271,0.03701198473572731,0.03831476718187332,0.02542821131646633,0.04902214929461479,0.09345697611570358,0.024523233994841576,0.060904767364263535,0.025091834366321564,0.023346154019236565,0.027461497113108635,0.022419463843107224,0.028834281489253044,0.044577695429325104,0.024214744567871094,0.03053707629442215,0.03892996534705162,0.022107930853962898,0.02903725579380989,0.02715477906167507,0.03663342818617821,0.032772015780210495,0.06394728273153305,0.02704179845750332,0.030125517398118973,0.03688090294599533,15000,450000,19200,484200
7,18,X24,-4.2219336153569875,5.882524013519287,0.9489011764526367,0.9360503554344177,1.1172531843185425,0.983582615852356,0.9937394857406616,0.039576251059770584,0.03522813320159912,0.024615051224827766,0.04498603194952011,0.09742562472820282,0.02425353229045868,0.0668015331029892,0.0246732160449028,0.023291097953915596,0.025563159957528114,0.022828007116913795,0.029713496565818787,0.05004342645406723,0.024406665936112404,0.02896716259419918,0.04112270101904869,0.02260049432516098,0.02813415601849556,0.0261504165828228,0.03448780998587608,0.032958365976810455,0.06051412224769592,0.027121592313051224,0.02958090975880623,0.037954237312078476,15000,450000,19200,484200
7,19,X6,1.361867702403683,5.878168743103743,0.9497485756874084,0.9360721111297607,1.1170635223388672,0.9835389852523804,0.9937986135482788,0.03935132175683975,0.03516312316060066,0.02416224591434002,0.04386989772319794,0.09567432850599289,0.024313144385814667,0.06470634788274765,0.02498486265540123,0.023100636899471283,0.026045337319374084,0.022893086075782776,0.02990599162876606,0.04924807325005531,0.024553852155804634,0.029265109449625015,0.04137914627790451,0.022854262962937355,0.028056934475898743,0.026106499135494232,0.034212734550237656,0.03302701562643051,0.06099001690745354,0.026869162917137146,0.029700633138418198,0.03751317039132118,15000,450000,19200,484200
7,20,X16,3.817706583344382,5.87705884873867,0.9497839212417603,0.9359745979309082,1.1172882318496704,0.9851331114768982,0.9940845370292664,0.03953485190868378,0.03568561002612114,0.023530540987849236,0.04556627571582794,0.09486284106969833,0.024302253499627113,0.0630129799246788,0.024953261017799377,0.02322331629693508,0.025835733860731125,0.02295912802219391,0.02936159446835518,0.04999508708715439,0.02474757470190525,0.029154596850275993,0.0408380962908268,0.023045573383569717,0.027951570227742195,0.025987977162003517,0.03408781811594963,0.032843735069036484,0.0596039704978466,0.02691774070262909,0.02956249751150608,0.03722982481122017,15000,450000,19200,484200
7,21,X11,-2.38872290017738,5.857900965958834,0.9482555985450745,0.9360404014587402,1.1174870729446411,0.984166145324707,0.9945534467697144,0.03997410833835602,0.035791028290987015,0.021865855902433395,0.0432584211230278,0.08939051628112793,0.024333639070391655,0.06225335970520973,0.02522430755198002,0.02392755076289177,0.026945557445287704,0.022965095937252045,0.029124611988663673,0.05035784840583801,0.024650592356920242,0.03131869062781334,0.039624545723199844,0.022881124168634415,0.027917807921767235,0.026938287541270256,0.03072458878159523,0.030237095430493355,0.056173697113990784,0.026758160442113876,0.029372315853834152,0.035389494150877,15000,450000,19200,484200
7,22,X2,-3.987421890266644,5.856225797906518,0.9487033486366272,0.9360436797142029,1.117592692375183,0.984874963760376,0.994985044002533,0.03742809221148491,0.038412414491176605,0.021909495815634727,0.042886339128017426,0.09041020274162292,0.024330299347639084,0.0612671822309494,0.025066139176487923,0.024085894227027893,0.02655619941651821,0.022792207077145576,0.028780590742826462,0.05021350085735321,0.02465532161295414,0.03139437362551689,0.03963892161846161,0.022843513637781143,0.02793051488697529,0.026661017909646034,0.030180057510733604,0.03036312758922577,0.05529479682445526,0.02676280029118061,0.029082145541906357,0.0350809209048748,15000,450000,19200,484200
7,23,X3,-2.054505510337852,5.852011561393738,0.948869526386261,0.9361055493354797,1.1175845861434937,0.9844040870666504,0.9945988655090332,0.038058534264564514,0.03758125379681587,0.02205660007894039,0.04185981675982475,0.08836190402507782,0.024265626445412636,0.06121259182691574,0.026074791327118874,0.024406349286437035,0.026440821588039398,0.022815795615315437,0.0288655087351799,0.048859015107154846,0.024587690830230713,0.03163094073534012,0.040372639894485474,0.02286587841808796,0.027934426441788673,0.0265643373131752,0.03010619431734085,0.02997749298810959,0.054962437599897385,0.02685469016432762,0.028856461867690086,0.034877147525548935,15000,450000,19200,484200
7,24,X29,-1.185548128977294,5.84603650867939,0.9500493407249451,0.9360053539276123,1.1170190572738647,0.9842115640640259,0.9951744675636292,0.03590722009539604,0.036221809685230255,0.021813059225678444,0.043359193950891495,0.08822640776634216,0.024195976555347443,0.06118392199277878,0.024963146075606346,0.02375670149922371,0.025983596220612526,0.02256835624575615,0.029311714693903923,0.050664834678173065,0.02448354661464691,0.03177928552031517,0.03973164036870003,0.022920504212379456,0.028261886909604073,0.027297940105199814,0.030054081231355667,0.029575061053037643,0.05167025327682495,0.026418156921863556,0.029127223417162895,0.0341012068092823,15000,450000,19200,484200
8,0,X3,-1.051956347914249,8.060033675283194,0.9485567212104797,0.9394657611846924,1.1157554388046265,0.9774832129478455,0.9918264746665955,0.06354498863220215,0.4185580909252167,0.044794101268053055,0.3261149227619171,0.4625988304615021,0.05575947463512421,0.049775779247283936,0.26963186264038086,0.036154165863990784,0.07749097049236298,0.03679630160331726,0.061975203454494476,0.16027593612670898,0.05708172917366028,0.05378388985991478,0.1338890939950943,0.12069132924079895,0.0681179091334343,0.139427050948143,0.1509895920753479,0.02557864785194397,0.03911138325929642,0.09018911421298981,0.04116777703166008,0.10344792157411575,15000,450000,19200,484200
8,1,X26,-3.0727391595999896,6.1451598554849625,0.9495896697044373,0.9373595118522644,1.119017481803894,0.9764750599861145,0.9971399903297424,0.028203388676047325,0.14890038967132568,0.02713952027261257,0.051915887743234634,0.1300964504480362,0.03287707641720772,0.07582472264766693,0.052575770765542984,0.023840008303523064,0.05750589445233345,0.022720472887158394,0.027615366503596306,0.034240275621414185,0.030530421063303947,0.02722819522023201,0.03213391825556755,0.047376006841659546,0.03979765996336937,0.04438871517777443,0.0707322210073471,0.025901760905981064,0.026836348697543144,0.036600157618522644,0.029367836192250252,0.04122967645525932,15000,450000,19200,484200
8,2,X3,-1.119008469852493,6.0289057567715645,0.9530971646308899,0.936782956123352,1.1211947202682495,0.9770254492759705,0.9970957040786743,0.03778209909796715,0.11794436722993851,0.02934560365974903,0.031894225627183914,0.10590608417987823,0.026827411726117134,0.054911285638809204,0.06348878890275955,0.026465367525815964,0.0622309111058712,0.022479426115751266,0.024950578808784485,0.04773632436990738,0.026169436052441597,0.024436039850115776,0.03957672789692879,0.03588125482201576,0.03034646064043045,0.04765067249536514,0.049843065440654755,0.02774612046778202,0.025738319382071495,0.028445197269320488,0.027512406930327415,0.028401587158441544,15000,450000,19200,484200
8,3,X19,0.8793413328138797,5.993590749800205,0.9483029842376709,0.9368546605110168,1.1163886785507202,0.9779427647590637,0.994399905204773,0.05032936856150627,0.04922473058104515,0.03106415644288063,0.03956213966012001,0.13071082532405853,0.024090934544801712,0.05852963402867317,0.03707076981663704,0.023863082751631737,0.04905885457992554,0.021650463342666626,0.02483985759317875,0.07806939631700516,0.026192115619778633,0.024867191910743713,0.032177235931158066,0.031580157577991486,0.027918826788663864,0.038416165858507156,0.05342664197087288,0.025575796142220497,0.06033264100551605,0.026674659922719002,0.026974141597747803,0.027501968666911125,15000,450000,19200,484200
8,4,X23,-2.6242070608369286,5.95547448284924,0.9489566683769226,0.9379064440727234,1.1173282861709595,0.9789671897888184,0.9923684000968933,0.04833751544356346,0.0450289286673069,0.02953464910387993,0.03924919664859772,0.10855554789304733,0.023890141397714615,0.05577459558844566,0.03310135751962662,0.024525700137019157,0.04732281714677811,0.020980985835194588,0.02442292496562004,0.07395436614751816,0.025529220700263977,0.024507397785782814,0.033910561352968216,0.030040359124541283,0.027328010648489,0.036103468388319016,0.054870884865522385,0.028991805389523506,0.06047627329826355,0.026633281260728836,0.026944709941744804,0.029932795092463493,15000,450000,19200,484200
8,5,X27,-1.791316846801343,5.961871413514018,0.9512757658958435,0.9407205581665039,1.1157792806625366,0.9806334972381592,0.9931418299674988,0.04833851009607315,0.045150116086006165,0.030149901285767555,0.03405212238430977,0.1137615218758583,0.024171873927116394,0.05701655149459839,0.031594984233379364,0.025175299495458603,0.04427478462457657,0.021232618018984795,0.024724753573536873,0.07630418241024017,0.02588878571987152,0.026093268766999245,0.03369050472974777,0.02916632778942585,0.026963302865624428,0.036423079669475555,0.04988221079111099,0.031238621100783348,0.060015831142663956,0.026571601629257202,0.027139626443386078,0.031300101429224014,15000,450000,19200,484200
8,6,X28,-1.2608979030685585,5.910953000187874,0.9506372213363647,0.9382506012916565,1.118605375289917,0.9824568033218384,0.9916033744812012,0.031015494838356972,0.04773683473467827,0.02391427382826805,0.035803355276584625,0.07506250590085983,0.023842869326472282,0.04217514023184776,0.0407869778573513,0.027134662494063377,0.04546976834535599,0.021381337195634842,0.025682548061013222,0.07264154404401779,0.02707282267510891,0.036915428936481476,0.036690711975097656,0.028108468279242516,0.025877540931105614,0.036719903349876404,0.05315067991614342,0.030882131308317184,0.04957761988043785,0.026387998834252357,0.027021966874599457,0.0383470393717289,15000,450000,19200,484200
8,7,X4,1.811743604433774,5.913167238235474,0.9492946863174438,0.938667893409729,1.1191000938415527,0.982126772403717,0.9915384650230408,0.030242079868912697,0.05220506712794304,0.023852037265896797,0.03696083277463913,0.07708897441625595,0.023808587342500687,0.04342842474579811,0.03831077739596367,0.02688596025109291,0.04585372284054756,0.021312009543180466,0.025650009512901306,0.07398369163274765,0.02601678855717182,0.03414051979780197,0.03719759359955788,0.027896663174033165,0.025976944714784622,0.036339398473501205,0.05053308978676796,0.030989179387688637,0.05303936079144478,0.026696333661675453,0.02774219959974289,0.03628908097743988,15000,450000,19200,484200
8,8,X28,-2.786489229844519,5.896322252228856,0.9503891468048096,0.9395756721496582,1.1166770458221436,0.9784141182899475,0.9915478229522705,0.033440228551626205,0.047513917088508606,0.023325223475694656,0.03924098238348961,0.07360298186540604,0.024084962904453278,0.04368370398879051,0.03609582781791687,0.027116132900118828,0.04615562781691551,0.02104775793850422,0.025071678683161736,0.07071520388126373,0.026332097128033638,0.035167522728443146,0.03635399416089058,0.02749434858560562,0.025738701224327087,0.03596288710832596,0.04781976342201233,0.029221899807453156,0.054472390562295914,0.026618633419275284,0.028617901727557182,0.034824077039957047,15000,450000,19200,484200
8,9,X28,-1.5129080072791865,5.888076344504952,0.9515350461006165,0.9398705363273621,1.117252230644226,0.9813001751899719,0.9921097755432129,0.0300282072275877,0.052758682519197464,0.02272512950003147,0.03951713815331459,0.07766134291887283,0.024354606866836548,0.044256482273340225,0.042812101542949677,0.028799083083868027,0.04384291172027588,0.020696090534329414,0.026113662868738174,0.06575257331132889,0.02491445094347,0.0329439751803875,0.036103975027799606,0.027360601350665092,0.026463830843567848,0.029716873541474342,0.04085474833846092,0.02984258159995079,0.04314832389354706,0.026560833677649498,0.0304875411093235,0.03829283267259598,15000,450000,19200,484200
8,10,X18,1.4734212006459035,5.878578642383218,0.9508653879165649,0.9387513399124146,1.1166696548461914,0.9812629222869873,0.9923391938209534,0.028160199522972107,0.05043771117925644,0.022514574229717255,0.04104314371943474,0.07430044561624527,0.02443559467792511,0.045218758285045624,0.0419197753071785,0.02808748558163643,0.042907338589429855,0.02063821628689766,0.026403117924928665,0.06577683985233307,0.024836640805006027,0.03296234831213951,0.03658347576856613,0.026628386229276657,0.026565006002783775,0.029084397479891777,0.04205919802188873,0.029497312381863594,0.04313754290342331,0.026579277589917183,0.031113313511013985,0.03780004382133484,15000,450000,19200,484200
8,11,X26,3.1002897471214315,5.877100754529238,0.9509764313697815,0.9382790327072144,1.1170762777328491,0.9814555048942566,0.9924724698066711,0.027474360540509224,0.05064111575484276,0.022493749856948853,0.040830183774232864,0.07320037484169006,0.024505306035280228,0.04519671946763992,0.04102158173918724,0.028069842606782913,0.04498717933893204,0.020639954134821892,0.026406478136777878,0.06653331220149994,0.024821532890200615,0.033787667751312256,0.036531027406454086,0.026573093608021736,0.02669200859963894,0.02874835580587387,0.04002600908279419,0.0294509120285511,0.04352493956685066,0.026651930063962936,0.030321871861815453,0.037711530923843384,15000,450000,19200,484200
8,12,X26,-0.24264798264753118,5.873023150488734,0.9505976438522339,0.9365885257720947,1.1162699460983276,0.9824698567390442,0.9917037487030029,0.031013386324048042,0.04840106889605522,0.02200438268482685,0.045532919466495514,0.07766799628734589,0.0252817552536726,0.041727375239133835,0.03935263678431511,0.024823086336255074,0.045617349445819855,0.020759684965014458,0.02464340068399906,0.05879667401313782,0.02554169110953808,0.03710407391190529,0.04154980555176735,0.02528291381895542,0.026865096762776375,0.02972213365137577,0.04194427281618118,0.028432566672563553,0.04130961000919342,0.026394709944725037,0.030347613617777824,0.03527722507715225,15000,450000,19200,484200
8,13,X12,-2.7667207461439136,5.862878695130348,0.9506352543830872,0.9363889098167419,1.1169296503067017,0.9832127094268799,0.9922014474868774,0.03170375898480415,0.04787400737404823,0.02192334458231926,0.0463457927107811,0.07617369294166565,0.025183429941534996,0.04165659472346306,0.038553979247808456,0.02480701357126236,0.04469635710120201,0.02071404457092285,0.024602442979812622,0.05593928322196007,0.02584272064268589,0.0369846485555172,0.037392958998680115,0.02559671178460121,0.027197493240237236,0.02930310368537903,0.040509384125471115,0.028246000409126282,0.04098735749721527,0.02636541612446308,0.030114490538835526,0.03479669615626335,15000,450000,19200,484200
8,14,X7,0.004773744927043744,5.868195112794638,0.950652539730072,0.9363265633583069,1.1168885231018066,0.9845248460769653,0.9924997687339783,0.03195798397064209,0.04775479808449745,0.021940290927886963,0.04543694108724594,0.07979485392570496,0.02503628097474575,0.042031180113554,0.03860778734087944,0.024850092828273773,0.043782640248537064,0.020693842321634293,0.02491459995508194,0.05626821890473366,0.025964727625250816,0.03630956634879112,0.0394078753888607,0.025342416018247604,0.02738216333091259,0.028879985213279724,0.04023955389857292,0.028134338557720184,0.041105855256319046,0.026323454454541206,0.02973242476582527,0.03541100025177002,15000,450000,19200,484200
8,15,X25,-4.191885330708263,5.8796113319695,0.948961079120636,0.936152458190918,1.1165162324905396,0.9849727749824524,0.9930934906005859,0.029151195660233498,0.053076375275850296,0.021892862394452095,0.04337893798947334,0.07656756788492203,0.025028228759765625,0.05088573694229126,0.039626672863960266,0.023986339569091797,0.03801989182829857,0.021123025566339493,0.02486901357769966,0.060362592339515686,0.02721511758863926,0.03227453678846359,0.04399620741605759,0.025859134271740913,0.027714913710951805,0.02682092972099781,0.03951720893383026,0.028864992782473564,0.05073938146233559,0.026052400469779968,0.03008933551609516,0.03280269727110863,15000,450000,19200,484200
8,16,X25,-3.4156488262432005,5.873135501518846,0.9488943815231323,0.9361633062362671,1.1162598133087158,0.9856305122375488,0.9927011728286743,0.029775366187095642,0.05144869163632393,0.021775422617793083,0.04241510480642319,0.07619137316942215,0.024976834654808044,0.05048700422048569,0.038117799907922745,0.024383174255490303,0.03645192086696625,0.021207623183727264,0.024774601683020592,0.058740779757499695,0.027244310826063156,0.032561346888542175,0.044251080602407455,0.025962835177779198,0.027792280539870262,0.02683410234749317,0.03957396745681763,0.02886146679520607,0.050493065267801285,0.026019584387540817,0.030078338459134102,0.03306823968887329,15000,450000,19200,484200
8,17,X25,3.33228666566564,5.8753039594739676,0.9482735395431519,0.9364750981330872,1.1164131164550781,0.9850651025772095,0.9925675988197327,0.03076198324561119,0.05039256811141968,0.02170620858669281,0.04243999347090721,0.07618681341409683,0.02465667948126793,0.05217397212982178,0.03922830894589424,0.02414090372622013,0.03511184826493263,0.021484341472387314,0.024775000289082527,0.058066751807928085,0.027022112160921097,0.033049892634153366,0.04371640458703041,0.026210356503725052,0.027987807989120483,0.02677130326628685,0.03960516303777695,0.02862151898443699,0.05245102941989899,0.02612268552184105,0.029905233532190323,0.03392062336206436,15000,450000,19200,484200
8,18,X10,-0.4407368803149536,5.8586640432477,0.9468643665313721,0.936917245388031,1.116768479347229,0.9843993186950684,0.9924529790878296,0.03003057837486267,0.047411367297172546,0.021731261163949966,0.042991068214178085,0.08158779889345169,0.025155501440167427,0.05151376128196716,0.037719640880823135,0.02324356511235237,0.030936984345316887,0.021411273628473282,0.024775223806500435,0.05786195397377014,0.026961930096149445,0.029738930985331535,0.044831424951553345,0.02504682168364525,0.028028810396790504,0.02472435124218464,0.03788353502750397,0.02845240756869316,0.0497024841606617,0.026264162734150887,0.028496963903307915,0.03475985303521156,15000,450000,19200,484200
8,19,X1,0.8969283479924162,5.85913173109293,0.9468525648117065,0.9367952942848206,1.1163663864135742,0.9847051501274109,0.992509663105011,0.030672786757349968,0.04802923649549484,0.021724412217736244,0.043671105057001114,0.08298506587743759,0.0249844528734684,0.05231964588165283,0.038253892213106155,0.023605475202202797,0.030693573877215385,0.02125810831785202,0.024877121672034264,0.057890985161066055,0.0266615878790617,0.02963591180741787,0.044451016932725906,0.024943992495536804,0.02788207121193409,0.02459411509335041,0.03658664599061012,0.028110479936003685,0.04886810854077339,0.026229793205857277,0.028076322749257088,0.034896764904260635,15000,450000,19200,484200
8,20,X23,-3.8421017366069887,5.852597253397107,0.947580873966217,0.936638355255127,1.1166375875473022,0.9834755659103394,0.9927746653556824,0.030855167657136917,0.04605624079704285,0.021784381940960884,0.04317847639322281,0.08259128779172897,0.024974040687084198,0.05123918503522873,0.038781508803367615,0.023724868893623352,0.028886569663882256,0.0215077456086874,0.024990199133753777,0.05697888135910034,0.026765670627355576,0.029690831899642944,0.04516586661338806,0.024873161688447,0.027867985889315605,0.02453438565135002,0.035855732858181,0.028218714520335197,0.04797034710645676,0.026253338903188705,0.027986641973257065,0.034758973866701126,15000,450000,19200,484200
8,21,X30,-2.92306015728385,5.833887401968241,0.9474961757659912,0.9367862939834595,1.116414189338684,0.98334139585495,0.993873655796051,0.02896898239850998,0.040141310542821884,0.022438576444983482,0.043392498046159744,0.07650305330753326,0.025019563734531403,0.05470522493124008,0.0377640463411808,0.024680936709046364,0.027520697563886642,0.023168649524450302,0.025216421112418175,0.055052824318408966,0.026699459180235863,0.02724805846810341,0.045028869062662125,0.025202179327607155,0.027859138324856758,0.024709345772862434,0.03229079023003578,0.02909388579428196,0.044183630496263504,0.026419222354888916,0.02775314450263977,0.03491518273949623,15000,450000,19200,484200
8,22,X3,2.795262225844364,5.829451894387603,0.9476222991943359,0.9364797472953796,1.116416335105896,0.9827799201011658,0.9935207962989807,0.028793921694159508,0.040214117616415024,0.022226370871067047,0.04498264193534851,0.07373622804880142,0.025095175951719284,0.054018255323171616,0.03355510160326958,0.02468997612595558,0.02743753418326378,0.02313431166112423,0.025231076404452324,0.05425500497221947,0.026805564761161804,0.027354935184121132,0.045107755810022354,0.025385985150933266,0.027871491387486458,0.025379395112395287,0.03440308943390846,0.028948800638318062,0.04374388977885246,0.026120705530047417,0.02766101434826851,0.03648045286536217,15000,450000,19200,484200
8,23,X26,1.7676653200914778,5.831096537411213,0.9474585056304932,0.9363595247268677,1.116550326347351,0.9827014207839966,0.993383526802063,0.028419893234968185,0.039604708552360535,0.022142373025417328,0.045573871582746506,0.07539879530668259,0.02515466697514057,0.05426407977938652,0.03362688422203064,0.02462882176041603,0.026905901730060577,0.02326277643442154,0.025324126705527306,0.055973898619413376,0.026838989928364754,0.027430417016148567,0.0448097363114357,0.025363070890307426,0.027726367115974426,0.02516358718276024,0.03457985073328018,0.028952816501259804,0.043530046939849854,0.02617798186838627,0.027424609288573265,0.03636496141552925,15000,450000,19200,484200
8,24,X23,2.264111120898007,5.829021411016583,0.9472551345825195,0.9362486600875854,1.1168137788772583,0.9841793179512024,0.9932704567909241,0.028520433232188225,0.040497321635484695,0.022814782336354256,0.04652642831206322,0.0776897594332695,0.024748453870415688,0.05498423054814339,0.03184300288558006,0.02424686774611473,0.026864688843488693,0.023406876251101494,0.025234665721654892,0.05387137085199356,0.026759162545204163,0.026179930195212364,0.04435097426176071,0.025725185871124268,0.027994420379400253,0.024155881255865097,0.03680994734168053,0.027412695810198784,0.044230908155441284,0.025875521823763847,0.02645030990242958,0.034060243517160416,15000,450000,19200,484200
9,0,X16,3.0226478404509596,7.821310054510832,0.9461913108825684,0.9412746429443359,1.119383454322815,1.0050486326217651,1.0157129764556885,0.0334024503827095,0.43734294176101685,0.032124631106853485,0.12112359702587128,0.39588111639022827,0.03616545721888542,0.04678843542933464,0.1428758203983307,0.05812712013721466,0.148929625749588,0.12566056847572327,0.1622115969657898,0.07317214459180832,0.06173013523221016,0.04736391082406044,0.03468679264187813,0.08152327686548233,0.08722510188817978,0.12082289904356003,0.27452537417411804,0.042028021067380905,0.07136644423007965,0.03424829989671707,0.04143092408776283,0.08294235169887543,15000,450000,19200,484200
9,1,X23,1.1823901605041423,6.247649813070893,0.9472723603248596,0.9444371461868286,1.1168334484100342,1.054008960723877,1.0059252977371216,0.03292330726981163,0.0939892902970314,0.026627015322446823,0.04123342037200928,0.11479915678501129,0.03583431616425514,0.03397582471370697,0.037707310169935226,0.024753935635089874,0.0938311293721199,0.02520449087023735,0.05622444674372673,0.04939417541027069,0.024736307561397552,0.035387635231018066,0.02807261422276497,0.03330099582672119,0.04306941479444504,0.03294491395354271,0.08443973958492279,0.038645777851343155,0.07294226437807083,0.02589154802262783,0.03237516060471535,0.060868408530950546,15000,450000,19200,484200
9,2,X28,-0.041650692417053214,5.994375180453062,0.9504463076591492,0.9411607980728149,1.1158753633499146,1.05010986328125,0.9979270100593567,0.04136621206998825,0.035396140068769455,0.02818307839334011,0.04628352075815201,0.06804382801055908,0.03100365586578846,0.0304254163056612,0.023663517087697983,0.027618644759058952,0.06807241588830948,0.02326863817870617,0.030801469460129738,0.03839462623000145,0.02491474524140358,0.03745163232088089,0.027027005329728127,0.02840939350426197,0.03300636634230614,0.02951674349606037,0.050422608852386475,0.035328011959791183,0.07210895419120789,0.026767728850245476,0.03536489978432655,0.04601658508181572,15000,450000,19200,484200
9,3,X18,1.4331731482325178,5.916094938293099,0.9449673891067505,0.9397161602973938,1.133244514465332,1.015972375869751,1.0009491443634033,0.02937648817896843,0.030544692650437355,0.029974814504384995,0.04506737366318703,0.04104780778288841,0.03651593625545502,0.03959618881344795,0.024487953633069992,0.039235085248947144,0.027724016457796097,0.031931888312101364,0.028601549565792084,0.05087163299322128,0.023969294503331184,0.06507216393947601,0.03792629390954971,0.024293895810842514,0.03027382865548134,0.03502976894378662,0.033108871430158615,0.03886134922504425,0.04767661169171333,0.02799621969461441,0.030020447447896004,0.03204118087887764,15000,450000,19200,484200
9,4,X14,-4.641680675958767,5.898444684222341,0.9451911449432373,0.939150869846344,1.1265400648117065,1.0054527521133423,0.9995824098587036,0.031518444418907166,0.03468996658921242,0.030913343653082848,0.04264526441693306,0.04049445316195488,0.03658146411180496,0.041373901069164276,0.02555001899600029,0.03810704126954079,0.02640065737068653,0.03111240640282631,0.027787774801254272,0.0578947588801384,0.024059411138296127,0.05836951360106468,0.039311595261096954,0.02516753226518631,0.029342161491513252,0.03343360126018524,0.03163348138332367,0.0376327745616436,0.04598984122276306,0.02744101732969284,0.028819125145673752,0.03625789284706116,15000,450000,19200,484200
9,5,X21,4.644336834543401,5.862340064719319,0.9454306364059448,0.9415528178215027,1.1234840154647827,0.9982517957687378,1.0006729364395142,0.030010435730218887,0.03661779686808586,0.025854188948869705,0.040650758892297745,0.044548582285642624,0.03711014986038208,0.03716906160116196,0.026037609204649925,0.03853180631995201,0.026368003338575363,0.03298194706439972,0.02690710499882698,0.05118127912282944,0.02454751916229725,0.04558055102825165,0.03959124907851219,0.024566467851400375,0.027989070862531662,0.032049354165792465,0.030646847561001778,0.03591913357377052,0.048538077622652054,0.027303405106067657,0.02928657829761505,0.032960884273052216,15000,450000,19200,484200
9,6,X27,2.8142040364875465,5.859822571277618,0.9504919052124023,0.9369332194328308,1.1222445964813232,0.9836602807044983,0.9984158873558044,0.02642117813229561,0.04608898237347603,0.031715091317892075,0.03945253789424896,0.057348333299160004,0.031687479466199875,0.032306868582963943,0.0340275876224041,0.0499703586101532,0.02899928018450737,0.023336250334978104,0.02563508041203022,0.04755863919854164,0.024433447048068047,0.030512556433677673,0.04067289084196091,0.02806076779961586,0.02744901366531849,0.03146471828222275,0.029405346140265465,0.039631202816963196,0.05031316354870796,0.026210619136691093,0.02819775976240635,0.03717752918601036,15000,450000,19200,484200
9,7,X15,1.584566950002026,5.8509000185877085,0.9506142139434814,0.9370207786560059,1.1214145421981812,0.9877873659133911,0.9967963695526123,0.026308173313736916,0.044574327766895294,0.03154798597097397,0.03906787931919098,0.05921833589673042,0.03302127867937088,0.030961060896515846,0.03260117769241333,0.047371502965688705,0.03037206642329693,0.022307071834802628,0.025362199172377586,0.04626867547631264,0.02452704682946205,0.03271126002073288,0.040460214018821716,0.028287995606660843,0.027882518246769905,0.031050173565745354,0.029300015419721603,0.03841962292790413,0.0466124564409256,0.026062803342938423,0.027952048927545547,0.035018857568502426,15000,450000,19200,484200
9,8,X27,-3.716182179484222,5.83771264180541,0.9494787454605103,0.9370474219322205,1.1208984851837158,0.98692387342453,0.9963892698287964,0.028547901660203934,0.043797269463539124,0.029658038169145584,0.040908172726631165,0.06101369485259056,0.034407731145620346,0.031378358602523804,0.030764108523726463,0.04378644376993179,0.03109607845544815,0.022002480924129486,0.025089481845498085,0.04440844804048538,0.024912554770708084,0.031208928674459457,0.039270997047424316,0.027586637064814568,0.027907349169254303,0.029343469068408012,0.028714220970869064,0.03576017916202545,0.046764083206653595,0.02603812702000141,0.027446208521723747,0.03516388311982155,15000,450000,19200,484200
9,9,X22,-1.5470641910141891,5.836838215589523,0.949380099773407,0.9368391036987305,1.1194926500320435,0.9858474731445312,0.9999673366546631,0.033080872148275375,0.0507628470659256,0.03428519889712334,0.03379882127046585,0.07837249338626862,0.031986866146326065,0.0323258601129055,0.030755603685975075,0.030280478298664093,0.026054346933960915,0.021720845252275467,0.027215491980314255,0.04672101140022278,0.024738486856222153,0.02540634572505951,0.04743092879652977,0.022235224023461342,0.027305101975798607,0.029324360191822052,0.0288284569978714,0.03470805659890175,0.0439438633620739,0.025931870564818382,0.026403265073895454,0.03169485554099083,15000,450000,19200,484200
9,10,X23,1.5008638780697794,5.8462490402162075,0.9494233727455139,0.9369407892227173,1.1191669702529907,0.9872670769691467,1.0014342069625854,0.033624663949012756,0.04962138086557388,0.03549369424581528,0.03441571444272995,0.08255800604820251,0.031207755208015442,0.03338269144296646,0.030452081933617592,0.03056403249502182,0.025376329198479652,0.0217700507491827,0.027766132727265358,0.048170775175094604,0.024797827005386353,0.026828547939658165,0.04877563193440437,0.02246352843940258,0.02731236442923546,0.029172487556934357,0.02833603508770466,0.03304766118526459,0.043100856244564056,0.025916526094079018,0.026335306465625763,0.03152654320001602,15000,450000,19200,484200
9,11,X7,2.53593948045165,5.84271565079689,0.9485936164855957,0.9367508292198181,1.118552327156067,0.9858191609382629,0.9999852776527405,0.03446097671985626,0.04955661669373512,0.03336337208747864,0.033551108092069626,0.08334929496049881,0.029810830950737,0.03495616838335991,0.03106546588242054,0.029557393863797188,0.022590966895222664,0.025281991809606552,0.028312789276242256,0.04552978277206421,0.02520121820271015,0.027349619194865227,0.04995796084403992,0.022489286959171295,0.02725694701075554,0.029402822256088257,0.027878597378730774,0.03300685063004494,0.04449234902858734,0.025913188233971596,0.02655789442360401,0.032120946794748306,15000,450000,19200,484200
9,12,X24,1.4711944432013144,5.850578563287854,0.9473928213119507,0.9376068115234375,1.1205331087112427,0.9882080554962158,1.0015140771865845,0.03253846615552902,0.0456710122525692,0.0326022207736969,0.03543902561068535,0.08907268941402435,0.02888648584485054,0.037880558520555496,0.032214853912591934,0.0284026637673378,0.022689899429678917,0.024502912536263466,0.027992496266961098,0.04039158672094345,0.025759579613804817,0.027676207944750786,0.052578240633010864,0.023031314834952354,0.02726699598133564,0.02979409322142601,0.027347931638360023,0.037377774715423584,0.042107611894607544,0.025937067344784737,0.026099856942892075,0.032062143087387085,15000,450000,19200,484200
9,13,X8,4.1148637707373865,5.855166181921959,0.947726309299469,0.9385465383529663,1.1196777820587158,0.9877609610557556,1.0015225410461426,0.033707402646541595,0.04668619856238365,0.03264078125357628,0.03576090931892395,0.09168029576539993,0.02943471074104309,0.036545731127262115,0.03252984955906868,0.027484619989991188,0.022539932280778885,0.024359164759516716,0.027685021981596947,0.04075717553496361,0.025411518290638924,0.027241453528404236,0.05270256847143173,0.023108888417482376,0.026829304173588753,0.029372913762927055,0.027978643774986267,0.037316665053367615,0.04385795816779137,0.0259392149746418,0.026392798870801926,0.03196832910180092,15000,450000,19200,484200
9,14,X19,3.4601419609052044,5.856806045398116,0.9480654001235962,0.9385286569595337,1.119765043258667,0.9892275929450989,1.000620722770691,0.03320685401558876,0.047401294112205505,0.031167419627308846,0.03693250194191933,0.08883325755596161,0.029147477820515633,0.03816920518875122,0.032974112778902054,0.028105629608035088,0.02237989939749241,0.024309607222676277,0.027979349717497826,0.04151047766208649,0.025662800297141075,0.027874575927853584,0.05104321613907814,0.023000745102763176,0.02833523415029049,0.02843206562101841,0.027658676728606224,0.03698844462633133,0.04460000991821289,0.025962496176362038,0.026382993906736374,0.03254028409719467,15000,450000,19200,484200
9,15,X20,3.431399811945127,5.870130894705653,0.9474315047264099,0.9361391067504883,1.118287205696106,0.98777174949646,1.000864028930664,0.03919336199760437,0.04680321738123894,0.03130737319588661,0.03560371324419975,0.0910843089222908,0.02745027467608452,0.045116573572158813,0.031000562012195587,0.026256071403622627,0.025570884346961975,0.024345526471734047,0.02748562954366207,0.04529959708452225,0.025715790688991547,0.025339532643556595,0.05363057181239128,0.022800125181674957,0.029923085123300552,0.02742103859782219,0.03156771510839462,0.03787747025489807,0.04586632922291756,0.02638348378241062,0.025711333379149437,0.030883729457855225,15000,450000,19200,484200
9,16,X26,0.0514035045631589,5.864586589857936,0.9474123120307922,0.9363194704055786,1.1174685955047607,0.9874443411827087,0.9993870854377747,0.03804768994450569,0.045915719121694565,0.03094477392733097,0.03528280928730965,0.09154703468084335,0.02711264230310917,0.04477240517735481,0.03115880861878395,0.02628665789961815,0.025375505909323692,0.024289008229970932,0.027830546721816063,0.046606190502643585,0.025486215949058533,0.025456424802541733,0.05328686535358429,0.02271723747253418,0.029274269938468933,0.027435824275016785,0.03158344700932503,0.037784527987241745,0.04578789696097374,0.02640874683856964,0.025794057175517082,0.030369479209184647,15000,450000,19200,484200
9,17,X4,-1.1412406521595608,5.862824570387602,0.9477114081382751,0.9361963272094727,1.1169589757919312,0.9874522089958191,0.9997098445892334,0.03734217956662178,0.044393688440322876,0.032144274562597275,0.035370707511901855,0.0915214866399765,0.026626456528902054,0.04538245499134064,0.03074740059673786,0.02627561055123806,0.02569933608174324,0.024118108674883842,0.02753671631217003,0.046641845256090164,0.025477871298789978,0.025043567642569542,0.053391341120004654,0.022839495912194252,0.029112210497260094,0.027596473693847656,0.031202558428049088,0.03805973753333092,0.04557058960199356,0.02642606385052204,0.025816166773438454,0.030459463596343994,15000,450000,19200,484200
9,18,X3,4.48211819648418,5.8815528731793165,0.9489867687225342,0.936175525188446,1.1163429021835327,0.9878341555595398,1.00023353099823,0.03252493217587471,0.05207768827676773,0.02966492995619774,0.0381300151348114,0.0933624804019928,0.025801973417401314,0.048846565186977386,0.03298446908593178,0.025486024096608162,0.02553379349410534,0.02419922687113285,0.026366326957941055,0.048847977072000504,0.02460717037320137,0.023763412609696388,0.05666518583893776,0.023750947788357735,0.029822690412402153,0.027490591630339622,0.03617919236421585,0.03769087418913841,0.043781302869319916,0.026674525812268257,0.025748565793037415,0.03197912871837616,15000,450000,19200,484200
9,19,X24,2.752067404630613,5.877113772556186,0.9488611817359924,0.9362155795097351,1.1167182922363281,0.9880738258361816,0.9999244809150696,0.032395388931035995,0.051649559289216995,0.0286860391497612,0.03926151245832443,0.09356605261564255,0.02581976167857647,0.04950202628970146,0.03294552490115166,0.025252701714634895,0.02552664466202259,0.024084221571683884,0.02640760876238346,0.04751940816640854,0.02425323985517025,0.023820221424102783,0.055556073784828186,0.02360612340271473,0.02929132618010044,0.027492759749293327,0.03648073598742485,0.035704005509614944,0.04443627595901489,0.026687119156122208,0.02542867325246334,0.031947407871484756,15000,450000,19200,484200
9,20,X27,-2.723543650583433,5.87704474106431,0.9481051564216614,0.9360887408256531,1.1166207790374756,0.9867828488349915,1.0008163452148438,0.032597679644823074,0.051007095724344254,0.028627635911107063,0.04002358019351959,0.09350050985813141,0.025750622153282166,0.051071930676698685,0.03300149366259575,0.025104261934757233,0.025540219619870186,0.02401258610188961,0.026695070788264275,0.04707089066505432,0.02413693070411682,0.02364272065460682,0.05531734973192215,0.02366486005485058,0.02921520546078682,0.027314869686961174,0.037641461938619614,0.035200245678424835,0.04451115429401398,0.026677900925278664,0.025635775178670883,0.03166881948709488,15000,450000,19200,484200
9,21,X3,-1.4229986125195215,5.8869557324796915,0.9485424757003784,0.9358998537063599,1.1170505285263062,0.9840121865272522,0.9999505281448364,0.035801418125629425,0.04920642077922821,0.030256487429142,0.03796502947807312,0.09058572351932526,0.026224270462989807,0.054143164306879044,0.03468378633260727,0.02379380166530609,0.025209389626979828,0.023816628381609917,0.027828911319375038,0.05153227970004082,0.024159051477909088,0.024408897385001183,0.054003674536943436,0.023470183834433556,0.028906792402267456,0.027645839378237724,0.03894519433379173,0.035754166543483734,0.04705043137073517,0.02636416256427765,0.026227477937936783,0.03351697698235512,15000,450000,19200,484200
9,22,X26,3.67138972351883,5.888982679694891,0.9485650658607483,0.9359055161476135,1.117123007774353,0.9846850633621216,1.0004589557647705,0.03643142804503441,0.04895888641476631,0.030631739646196365,0.03919077292084694,0.09026728570461273,0.026151161640882492,0.05401510000228882,0.03437637910246849,0.023761514574289322,0.0252080038189888,0.023866401985287666,0.027646182104945183,0.051349345594644547,0.024134643375873566,0.024653147906064987,0.053393445909023285,0.02368445135653019,0.028937367722392082,0.027510201558470726,0.03858136013150215,0.035831764340400696,0.04675431177020073,0.02639552764594555,0.02621837705373764,0.034296270459890366,15000,450000,19200,484200
9,23,X27,-2.4725822214539193,5.883842300623655,0.9487695693969727,0.9358984231948853,1.1168630123138428,0.9838343262672424,1.0001859664916992,0.03648744523525238,0.048069968819618225,0.03011045977473259,0.040723513811826706,0.08774317800998688,0.02603706531226635,0.05402066558599472,0.03390374779701233,0.02379174344241619,0.02547818049788475,0.023867862299084663,0.02766110748052597,0.05058618262410164,0.024311287328600883,0.02480674535036087,0.05269166827201843,0.023530639708042145,0.028981231153011322,0.027067061513662338,0.03927680104970932,0.03520969673991203,0.046727485954761505,0.026478957384824753,0.0261470228433609,0.03458128497004509,15000,450000,19200,484200
9,24,X18,-0.3873479631040606,5.877045201137662,0.9474955797195435,0.9359756112098694,1.1167950630187988,0.9829559922218323,0.9997903108596802,0.03950934112071991,0.050939083099365234,0.030440745875239372,0.042849864810705185,0.0885579064488411,0.025082863867282867,0.050087008625268936,0.03484740108251572,0.023404231294989586,0.02451837994158268,0.0238123070448637,0.02846507914364338,0.05181296914815903,0.024516083300113678,0.026449572294950485,0.047578323632478714,0.023583194240927696,0.028669962659478188,0.027166610583662987,0.03724870830774307,0.033746469765901566,0.04518480226397514,0.027058715000748634,0.026358164846897125,0.032144855707883835,15000,450000,19200,484200
10,0,X10,1.9345812934763673,9.702524872496724,0.9457727670669556,0.9360247850418091,1.1155418157577515,0.9776841998100281,0.9915058612823486,0.03367510065436363,0.19454237818717957,0.04776449874043465,0.6129152178764343,0.9525273442268372,0.031503770500421524,0.17519837617874146,0.20785175263881683,0.1545110046863556,0.21244803071022034,0.032916177064180374,0.03928983211517334,0.377137154340744,0.07065911591053009,0.06086348742246628,0.029975349083542824,0.23644794523715973,0.09303159266710281,0.3245331645011902,0.40498584508895874,0.028953973203897476,0.11557302623987198,0.11959248781204224,0.03442639485001564,0.1446724236011505,15000,450000,19200,484200
10,1,X29,-0.20046029516694208,6.9921088963747025,0.9636812806129456,0.9441074132919312,1.1260671615600586,0.9748038649559021,0.9922611117362976,0.0418461449444294,0.11599583923816681,0.025965001434087753,0.23166316747665405,0.35130393505096436,0.032209958881139755,0.12227273732423782,0.11670324951410294,0.024329492822289467,0.09130312502384186,0.027429163455963135,0.07471606880426407,0.06740064173936844,0.039803702384233475,0.038598719984292984,0.07142969220876694,0.07101976871490479,0.044183917343616486,0.06078768149018288,0.114231638610363,0.04810852184891701,0.07739605009555817,0.02963242121040821,0.03252491354942322,0.04033251106739044,15000,450000,19200,484200
10,2,X30,-4.633436906964034,6.263661712408066,0.9610082507133484,0.9435944557189941,1.1154046058654785,0.9892181158065796,0.992728054523468,0.05221397429704666,0.07982702553272247,0.024003013968467712,0.04468885809183121,0.16904675960540771,0.026886800304055214,0.07960029691457748,0.08229278773069382,0.02182377316057682,0.05623917281627655,0.02258763462305069,0.028068847954273224,0.05065245181322098,0.03214561566710472,0.048448845744132996,0.05104609578847885,0.04245302826166153,0.03447195142507553,0.029959827661514282,0.05970156937837601,0.04800473898649216,0.08581745624542236,0.026516325771808624,0.029507391154766083,0.03570398688316345,15000,450000,19200,484200
10,3,X15,0.01123171377271337,6.135357398539782,0.9506142735481262,0.9359079003334045,1.1156047582626343,1.0006556510925293,0.9919120669364929,0.055131033062934875,0.09591085463762283,0.03516706824302673,0.08782733231782913,0.055640917271375656,0.02551925927400589,0.05248362571001053,0.07237029075622559,0.022257791832089424,0.05928846821188927,0.02442539483308792,0.028892310336232185,0.06052416190505028,0.03077659383416176,0.044836003333330154,0.04277275130152702,0.03171796724200249,0.02907005324959755,0.023718053475022316,0.06102222949266434,0.030970266088843346,0.0839846283197403,0.026340341195464134,0.02668054588139057,0.03333480656147003,15000,450000,19200,484200
10,4,X30,-0.45356550205111645,6.096822489053011,0.9488139748573303,0.9361869096755981,1.1154372692108154,1.000975489616394,0.9919891357421875,0.05461585894227028,0.08479800075292587,0.03376235067844391,0.0887710303068161,0.061561498790979385,0.02511042356491089,0.04768398404121399,0.0693688616156578,0.023182623088359833,0.054646506905555725,0.025026192888617516,0.031705792993307114,0.06105060130357742,0.03270936757326126,0.040275298058986664,0.042641911655664444,0.028949886560440063,0.02985595352947712,0.024498282000422478,0.050095755606889725,0.03235508129000664,0.0729057639837265,0.028175169602036476,0.026422996073961258,0.03325051814317703,15000,450000,19200,484200
10,5,X3,0.16662897553938727,6.052135651931167,0.9458874464035034,0.936336874961853,1.1154332160949707,0.9977763295173645,0.9914829730987549,0.04939849302172661,0.07238256931304932,0.02866065874695778,0.08243902772665024,0.06724654138088226,0.024823985993862152,0.042608220130205154,0.07088910043239594,0.023098263889551163,0.04730042815208435,0.026026329025626183,0.03486860170960426,0.052750930190086365,0.03533225879073143,0.04729637876152992,0.04154717177152634,0.028306087478995323,0.030294720083475113,0.025142285972833633,0.0489836223423481,0.03131239488720894,0.06605398654937744,0.02850325219333172,0.026362236589193344,0.033591266721487045,15000,450000,19200,484200
10,6,X8,0.1637178216757027,5.987130103632808,0.9448925256729126,0.9359698295593262,1.1153919696807861,0.9971364736557007,0.9917219877243042,0.03709426149725914,0.0726608857512474,0.023039279505610466,0.05629856511950493,0.08591840416193008,0.024642277508974075,0.056514229625463486,0.05887832120060921,0.02204047329723835,0.05398598313331604,0.025491636246442795,0.02759983390569687,0.056463822722435,0.03203241899609566,0.04644659906625748,0.033548928797245026,0.02654869668185711,0.03175634890794754,0.02573584020137787,0.04387723654508591,0.025241203606128693,0.039733462035655975,0.030309397727251053,0.026164215058088303,0.039994996041059494,15000,450000,19200,484200
10,7,X14,-4.775539618457087,5.9669742081314325,0.9448915719985962,0.9358909726142883,1.1154296398162842,0.9928420782089233,0.9918520450592041,0.04112052544951439,0.06749410927295685,0.022959552705287933,0.06331592798233032,0.08183393627405167,0.024491194635629654,0.05514269322156906,0.05398598685860634,0.02210368774831295,0.05251658335328102,0.026432354003190994,0.026656992733478546,0.05038062483072281,0.03174524009227753,0.04662453383207321,0.03294391930103302,0.02529911696910858,0.03179893270134926,0.026160545647144318,0.047112204134464264,0.025074763223528862,0.038531411439180374,0.026926124468445778,0.02599957212805748,0.039417367428541183,15000,450000,19200,484200
10,8,X29,0.7226929923046459,5.954868342727423,0.9449073672294617,0.935878574848175,1.1153465509414673,0.9920090436935425,0.9918867349624634,0.03981831297278404,0.06500023603439331,0.022603780031204224,0.05827661231160164,0.08549913018941879,0.025706112384796143,0.05344035103917122,0.05376160517334938,0.02173643372952938,0.050605177879333496,0.02606855519115925,0.02609625644981861,0.05101309344172478,0.030184466391801834,0.04718683287501335,0.03317331150174141,0.024177202954888344,0.030966168269515038,0.025516562163829803,0.0471176840364933,0.025216665118932724,0.03877907246351242,0.028720375150442123,0.026010142639279366,0.03816593065857887,15000,450000,19200,484200
10,9,X8,3.303635747042808,5.933923942968249,0.9450394511222839,0.9359484910964966,1.115610122680664,0.9971990585327148,0.9988266825675964,0.040225572884082794,0.07015229761600494,0.021971339359879494,0.04933716729283333,0.08360863476991653,0.025282522663474083,0.04967372119426727,0.04092201590538025,0.021759511902928352,0.0531204529106617,0.022635042667388916,0.031748637557029724,0.05640692636370659,0.029725700616836548,0.035433895885944366,0.031822990626096725,0.02281518280506134,0.031219659373164177,0.023520883172750473,0.0387372262775898,0.026232462376356125,0.041874051094055176,0.03047332353889942,0.026165351271629333,0.036435566842556,15000,450000,19200,484200
10,10,X22,-3.6967115922283567,5.919755952432752,0.9448909163475037,0.9359961152076721,1.1154652833938599,0.9963934421539307,0.9986843466758728,0.03819320723414421,0.06521813571453094,0.02143377624452114,0.051479216665029526,0.08103103935718536,0.024978596717119217,0.049132391810417175,0.0402563139796257,0.02178649976849556,0.053173817694187164,0.023376580327749252,0.03248480334877968,0.05192035809159279,0.029713815078139305,0.033704232424497604,0.03262712433934212,0.022626390680670738,0.031336378306150436,0.023678597062826157,0.036792974919080734,0.026493750512599945,0.0404968298971653,0.03169197961688042,0.02641195058822632,0.03828708827495575,15000,450000,19200,484200
10,11,X13,-1.494821862202281,5.914614673703909,0.9448850750923157,0.9361016154289246,1.1153442859649658,0.9934255480766296,0.9999064803123474,0.03628615289926529,0.06155280023813248,0.02190006896853447,0.05285733938217163,0.0812959149479866,0.02496502734720707,0.049837902188301086,0.04001174494624138,0.021769413724541664,0.05281730741262436,0.023672757670283318,0.03214682266116142,0.05355456471443176,0.029829323291778564,0.033800993114709854,0.0325593501329422,0.02243024855852127,0.03145293518900871,0.023406680673360825,0.03556988388299942,0.02586941234767437,0.04293716326355934,0.031812265515327454,0.026285644620656967,0.036329951137304306,15000,450000,19200,484200
10,12,X25,-2.6748710937734432,5.934250155463815,0.9450215697288513,0.9359627962112427,1.115633487701416,0.9913956522941589,0.9986745119094849,0.03593176230788231,0.05963064357638359,0.02425549365580082,0.062466736882925034,0.09809952974319458,0.024595653638243675,0.04936208575963974,0.04324056953191757,0.021845191717147827,0.051120366901159286,0.02117917686700821,0.03471086919307709,0.05302109196782112,0.02923060953617096,0.035390570759773254,0.03488710895180702,0.023143937811255455,0.0317390002310276,0.02295798994600773,0.036109860986471176,0.025953684002161026,0.038793884217739105,0.030411332845687866,0.02613328956067562,0.03335169702768326,15000,450000,19200,484200
10,13,X14,0.6467023764285509,5.930314436554909,0.9449604749679565,0.9359235763549805,1.116157054901123,0.9920276999473572,0.9977559447288513,0.03461868315935135,0.057761579751968384,0.02492966316640377,0.06226830184459686,0.09594859182834625,0.024488653987646103,0.04964102432131767,0.045044876635074615,0.021870525553822517,0.0505024790763855,0.021076025441288948,0.034515898674726486,0.05128445848822594,0.029207397252321243,0.03602491319179535,0.03610752150416374,0.022769294679164886,0.03129148855805397,0.02301618829369545,0.035585686564445496,0.026146261021494865,0.03841857612133026,0.030414333567023277,0.02626870386302471,0.03428855910897255,15000,450000,19200,484200
10,14,X10,0.776511530902706,5.924326980486512,0.9450889825820923,0.9358831644058228,1.1160439252853394,0.9925909042358398,0.9970582723617554,0.03396787866950035,0.057239189743995667,0.024698583409190178,0.061789270490407944,0.09579509496688843,0.0244403425604105,0.05017205327749252,0.044415246695280075,0.021770872175693512,0.04697796702384949,0.021319013088941574,0.0330386608839035,0.05023302510380745,0.029412370175123215,0.037355732172727585,0.037440862506628036,0.022994864732027054,0.031184732913970947,0.02298482321202755,0.03507275506854057,0.026157421991229057,0.03830717131495476,0.03009144216775894,0.026112468913197517,0.03468988835811615,15000,450000,19200,484200
10,15,X17,-0.9943909357427714,5.91372780688107,0.9453034400939941,0.9358858466148376,1.1154347658157349,0.9942440986633301,0.9981184005737305,0.03515874966979027,0.05835659056901932,0.023325569927692413,0.055789582431316376,0.09168076515197754,0.024176977574825287,0.049178194254636765,0.034547097980976105,0.02277473732829094,0.04284067451953888,0.021619267761707306,0.035337500274181366,0.05164990946650505,0.026279672980308533,0.045087363570928574,0.039277736097574234,0.02233552187681198,0.029896339401602745,0.023082923144102097,0.03815605491399765,0.025135118514299393,0.04227440431714058,0.02847261354327202,0.026348773390054703,0.03195911645889282,15000,450000,19200,484200
10,16,X22,4.307584673457585,5.9099635276943445,0.9453766345977783,0.9358802437782288,1.115357518196106,0.9937654733657837,0.9989124536514282,0.0372699536383152,0.05877366289496422,0.023490754887461662,0.05401909723877907,0.08993786573410034,0.02425801195204258,0.04881813004612923,0.033845871686935425,0.023394126445055008,0.04128502309322357,0.021398456767201424,0.03475302457809448,0.05302641913294792,0.026220185682177544,0.042338959872722626,0.03930605947971344,0.022319061681628227,0.02950836904346943,0.022954396903514862,0.038097627460956573,0.025047479197382927,0.04237566888332367,0.028116509318351746,0.02684204652905464,0.033274441957473755,15000,450000,19200,484200
10,17,X13,0.8608016520969848,5.908274799585342,0.9452037215232849,0.935879111289978,1.11539626121521,0.9930885434150696,0.9982382655143738,0.03746046870946884,0.05728011205792427,0.023149674758315086,0.05451851338148117,0.09183644503355026,0.024187007918953896,0.04866515100002289,0.03361153230071068,0.02341003529727459,0.04081055894494057,0.02108638361096382,0.03519778326153755,0.05256481096148491,0.025817159563302994,0.041364118456840515,0.03918635845184326,0.022007253021001816,0.0294424369931221,0.022897878661751747,0.037870075553655624,0.025316981598734856,0.04396842047572136,0.028421156108379364,0.027354171499609947,0.03304440900683403,15000,450000,19200,484200
10,18,X7,-0.45240991341219594,5.91638956964016,0.9455502033233643,0.9358878135681152,1.1153552532196045,0.9919917583465576,0.9971480965614319,0.03866339474916458,0.058514002710580826,0.023625852540135384,0.06004660204052925,0.09774424135684967,0.024405982345342636,0.046148933470249176,0.0365777350962162,0.023359932005405426,0.04038283973932266,0.020700745284557343,0.03228110820055008,0.051569364964962006,0.025543909519910812,0.04338664934039116,0.03875371441245079,0.02188798412680626,0.02927149087190628,0.02313111536204815,0.036394454538822174,0.02531878463923931,0.043823882937431335,0.02812161110341549,0.027241170406341553,0.033560942858457565,15000,450000,19200,484200
10,19,X11,4.612387253016143,5.912462430074811,0.9454770684242249,0.9359496831893921,1.1153517961502075,0.9918650984764099,0.9963171482086182,0.03830605372786522,0.05619079992175102,0.02371552214026451,0.06051512435078621,0.09631599485874176,0.024393467232584953,0.04785150662064552,0.03630829602479935,0.023415392264723778,0.040721748024225235,0.020706411451101303,0.03190445154905319,0.05245424807071686,0.025736918672919273,0.043553974479436874,0.038894571363925934,0.02177242562174797,0.02903646044433117,0.022993721067905426,0.03630736470222473,0.02547476254403591,0.04299939051270485,0.02809579111635685,0.026002680882811546,0.033834557980298996,15000,450000,19200,484200
10,20,X1,-0.1802983793416404,5.901011228561401,0.9454712867736816,0.9359654188156128,1.1153571605682373,0.9918209314346313,0.9962095022201538,0.0380382239818573,0.053529731929302216,0.023611288517713547,0.058855071663856506,0.09268014878034592,0.024388357996940613,0.048409003764390945,0.036787379533052444,0.023438533768057823,0.039966654032468796,0.020918147638440132,0.03176639974117279,0.05022497475147247,0.025598986074328423,0.04292429983615875,0.03865349292755127,0.02171958237886429,0.028968658298254013,0.022854778915643692,0.03598888963460922,0.02541438303887844,0.04330369457602501,0.02822822332382202,0.026005730032920837,0.033912293612957,15000,450000,19200,484200
10,21,X24,1.8310730852376853,5.901792759075761,0.9455511569976807,0.9359553456306458,1.1153483390808105,0.989739179611206,0.995746374130249,0.03803286701440811,0.05495983362197876,0.022301215678453445,0.06076698750257492,0.09187335520982742,0.024940358474850655,0.04834748059511185,0.0382411852478981,0.024391967803239822,0.03711077943444252,0.021003378555178642,0.03301813825964928,0.05494356527924538,0.026268236339092255,0.041253138333559036,0.03831010311841965,0.02179758995771408,0.02906825952231884,0.022701188921928406,0.036074794828891754,0.025599602609872818,0.04081864282488823,0.02788623608648777,0.025682589039206505,0.03406086936593056,15000,450000,19200,484200
10,22,X22,4.557796840624814,5.89586622081697,0.9457892179489136,0.9359740018844604,1.1154029369354248,0.9890987277030945,0.9961020946502686,0.03712058812379837,0.053914573043584824,0.022152049466967583,0.05930984765291214,0.09226080030202866,0.024872079491615295,0.04844494163990021,0.03817927464842796,0.024406371638178825,0.03544488549232483,0.020929183810949326,0.0322297103703022,0.05440378189086914,0.02615354210138321,0.04119609296321869,0.038819778710603714,0.02173748053610325,0.028901144862174988,0.022798825055360794,0.035824209451675415,0.025608062744140625,0.04157707467675209,0.027777211740612984,0.025645824149250984,0.033791907131671906,15000,450000,19200,484200
10,23,X16,3.981212003928521,5.89082882553339,0.9458471536636353,0.9360660910606384,1.11541748046875,0.9890617728233337,0.9961687326431274,0.03732573986053467,0.05372621491551399,0.022307857871055603,0.057624395936727524,0.0900014191865921,0.024617599323391914,0.05006878077983856,0.03833095729351044,0.024541513994336128,0.03424879536032677,0.02092207968235016,0.031704649329185486,0.05449822172522545,0.02602393366396427,0.040277887135744095,0.03833245113492012,0.021666808053851128,0.028733674436807632,0.022811144590377808,0.03560223430395126,0.025577712804079056,0.04166183993220329,0.0278073288500309,0.025630544871091843,0.03422380983829498,15000,450000,19200,484200
10,24,X25,-3.2519963788095096,5.9060514364391565,0.9462894201278687,0.9361208081245422,1.1155304908752441,0.9879178404808044,0.9955063462257385,0.03703667223453522,0.05678609386086464,0.02344176545739174,0.06030082702636719,0.0975918099284172,0.024238575249910355,0.05025522783398628,0.03951798006892204,0.02432980015873909,0.035175174474716187,0.021088095381855965,0.03262795880436897,0.050122473388910294,0.025778992101550102,0.04193989932537079,0.038997307419776917,0.021788671612739563,0.028583461418747902,0.022708913311362267,0.03490883857011795,0.026149094104766846,0.04265439137816429,0.028043920174241066,0.025484532117843628,0.03513605520129204,15000,450000,19200,484200
11,0,X15,-3.2011077127300416,9.270109822973609,0.9456839561462402,0.9358821511268616,1.1157009601593018,0.9750962853431702,0.9916651248931885,0.04035311937332153,0.3471410274505615,0.07559116929769516,0.43723970651626587,1.0631355047225952,0.036969177424907684,0.1110922247171402,0.038380153477191925,0.21105550229549408,0.7254096865653992,0.04856286942958832,0.032397281378507614,0.1517573893070221,0.04539884626865387,0.054603107273578644,0.031624965369701385,0.04089466482400894,0.08110111951828003,0.13974398374557495,0.23537404835224152,0.03126285597681999,0.16213391721248627,0.02987373061478138,0.058726128190755844,0.07625916600227356,15000,450000,19200,484200
11,1,X17,0.3398258775890115,6.748655833303928,0.944979190826416,0.9371821284294128,1.1358178853988647,0.9781648516654968,0.9920395612716675,0.07784469425678253,0.13792775571346283,0.03174695745110512,0.1244925931096077,0.39307111501693726,0.03185148909687996,0.04841582477092743,0.026229774579405785,0.06451785564422607,0.23326241970062256,0.023519987240433693,0.03518744930624962,0.05364616960287094,0.025579551234841347,0.03365436941385269,0.03448420763015747,0.028264442458748817,0.037057340145111084,0.0574219636619091,0.06750822812318802,0.027573920786380768,0.052579764276742935,0.028655827045440674,0.03041493147611618,0.055563583970069885,15000,450000,19200,484200
11,2,X6,-4.399636222759834,6.2525201719254255,0.9461013078689575,0.9383507966995239,1.1289148330688477,0.9760375022888184,0.9916825294494629,0.08792348206043243,0.11575599014759064,0.027204032987356186,0.09910105168819427,0.17239296436309814,0.03116251528263092,0.042623236775398254,0.02517363429069519,0.02901901677250862,0.06496648490428925,0.027545854449272156,0.0349535308778286,0.05139995366334915,0.026291603222489357,0.03062780760228634,0.043293848633766174,0.028683967888355255,0.032764971256256104,0.04645659402012825,0.06553720682859421,0.03606443479657173,0.04968900606036186,0.032286833971738815,0.026796916499733925,0.04371826350688934,15000,450000,19200,484200
11,3,X20,-3.010418893631268,5.94211907684803,0.9451950788497925,0.9359241724014282,1.1175696849822998,0.9860577583312988,0.9920170903205872,0.07268454134464264,0.08707685023546219,0.022190768271684647,0.07131131738424301,0.07541758567094803,0.025471344590187073,0.029912831261754036,0.03690340742468834,0.03716230019927025,0.029782870784401894,0.02196199633181095,0.045853402465581894,0.03657648339867592,0.0254529882222414,0.022683246061205864,0.031131383031606674,0.02690466120839119,0.02749760076403618,0.03130050376057625,0.04258203133940697,0.028261784464120865,0.0480090007185936,0.028733601793646812,0.026362106204032898,0.03413068503141403,15000,450000,19200,484200
11,4,X15,2.8097403692309904,5.9040563981980085,0.9455933570861816,0.9361609816551208,1.1185848712921143,0.990384042263031,0.9920896291732788,0.06417106837034225,0.07402446120977402,0.021906062960624695,0.06290241330862045,0.07373390346765518,0.02425502799451351,0.030881430953741074,0.04162612557411194,0.03770233318209648,0.030255505815148354,0.02368869073688984,0.041330382227897644,0.03757026791572571,0.025310784578323364,0.02252330631017685,0.03697528690099716,0.024991391226649284,0.027257751673460007,0.029453521594405174,0.04460103064775467,0.026290394365787506,0.03626430034637451,0.026544084772467613,0.02614385448396206,0.030840136110782623,15000,450000,19200,484200
11,5,X12,2.4789549847632477,5.899063538759947,0.9449188709259033,0.9361780881881714,1.1179877519607544,0.9875109791755676,0.9931457042694092,0.07008437067270279,0.07353819161653519,0.021927108988165855,0.059197697788476944,0.07344726473093033,0.023857099935412407,0.031199760735034943,0.0396786667406559,0.034284498542547226,0.028089093044400215,0.023711498826742172,0.04319903254508972,0.03580733761191368,0.02544526569545269,0.022280968725681305,0.034613072872161865,0.023726079612970352,0.02669486403465271,0.028837526217103004,0.04313642159104347,0.02696404792368412,0.041038528084754944,0.026842989027500153,0.025906875729560852,0.03581388294696808,15000,450000,19200,484200
11,6,X18,-4.461745617809526,5.868813283741474,0.9451223015785217,0.9377236366271973,1.1177631616592407,0.9884217381477356,0.9928736090660095,0.05057230591773987,0.050021834671497345,0.021609172224998474,0.05577191337943077,0.06261981278657913,0.0237579308450222,0.03041381947696209,0.030399449169635773,0.028195228427648544,0.023564346134662628,0.022938793525099754,0.04110535606741905,0.05332193896174431,0.024778814986348152,0.022051211446523666,0.03708752244710922,0.027440479025244713,0.027819281443953514,0.032635223120450974,0.05168093740940094,0.03112947754561901,0.04128209128975868,0.026269612833857536,0.02492796815931797,0.045514315366744995,15000,450000,19200,484200
11,7,X12,3.603688174133925,5.874094229191542,0.9451342225074768,0.9368693828582764,1.116917610168457,0.9959475994110107,0.9930547475814819,0.05168936774134636,0.050574079155921936,0.021517444401979446,0.054447297006845474,0.06869671493768692,0.02383182942867279,0.03031815029680729,0.029394200071692467,0.02921168878674507,0.024315394461154938,0.022519925609230995,0.03866123408079147,0.0522896945476532,0.024744616821408272,0.02268616110086441,0.03390853479504585,0.028791124001145363,0.0271430853754282,0.0321076437830925,0.04975377023220062,0.031004328280687332,0.04182707145810127,0.026130225509405136,0.025144677609205246,0.04546240717172623,15000,450000,19200,484200
11,8,X10,-0.3080204475597377,5.879252810031176,0.9448880553245544,0.9370359778404236,1.1167832612991333,0.9927341341972351,0.9928389191627502,0.05241373926401138,0.050443533807992935,0.02134595811367035,0.056866005063056946,0.06780890375375748,0.023813774809241295,0.030674925073981285,0.02942740172147751,0.029965978115797043,0.023837082087993622,0.02310776896774769,0.03754768893122673,0.05594055354595184,0.024786610156297684,0.02284367009997368,0.03552541509270668,0.029349545016884804,0.027368858456611633,0.03233311325311661,0.0491328127682209,0.031039591878652573,0.04294806346297264,0.026030872017145157,0.025139369070529938,0.04528122767806053,15000,450000,19200,484200
11,9,X26,-4.927820149942325,5.853051757439971,0.9448867440223694,0.9366490840911865,1.1159547567367554,0.9822680950164795,0.9934337139129639,0.046670738607645035,0.04627905413508415,0.025218281894922256,0.04526343569159508,0.06781771034002304,0.023843344300985336,0.04471646994352341,0.029103482142090797,0.024887625128030777,0.035280898213386536,0.023836422711610794,0.03346620500087738,0.056363318115472794,0.025201983749866486,0.023509886115789413,0.033805858343839645,0.02979636937379837,0.026782970875501633,0.027284272015094757,0.039375629276037216,0.0353069007396698,0.04413115978240967,0.025680584833025932,0.02687491662800312,0.03936184570193291,15000,450000,19200,484200
11,10,X23,1.8464029037851928,5.853538706898689,0.9450077414512634,0.936402440071106,1.1157033443450928,0.9822820425033569,0.9935213327407837,0.046351317316293716,0.04563844949007034,0.0247554462403059,0.04475989192724228,0.06878850609064102,0.023833967745304108,0.04545239731669426,0.027787484228610992,0.024157864972949028,0.03549063578248024,0.02301652729511261,0.034569151699543,0.05810800939798355,0.025456778705120087,0.02473365142941475,0.034954145550727844,0.030393917113542557,0.026776516810059547,0.027013206854462624,0.03971149027347565,0.032944001257419586,0.04518846422433853,0.025817055255174637,0.027994122356176376,0.03692880645394325,15000,450000,19200,484200
11,11,X16,-3.122105574559888,5.855055930092931,0.9449387192726135,0.9365050196647644,1.1154980659484863,0.9835669994354248,0.9948090314865112,0.04751988872885704,0.04557425156235695,0.02448934130370617,0.04728119075298309,0.06585092842578888,0.023818926885724068,0.04594845697283745,0.026390327140688896,0.024165717884898186,0.03522700071334839,0.02290826477110386,0.03460470587015152,0.059076081961393356,0.025506289675831795,0.024514183402061462,0.034535761922597885,0.02972242794930935,0.02684617228806019,0.02743678353726864,0.039945296943187714,0.03246340528130531,0.0451938696205616,0.025895139202475548,0.02794731967151165,0.036876361817121506,15000,450000,19200,484200
11,12,X16,-2.8281191481714805,5.8709868136793375,0.9449392557144165,0.937464714050293,1.1157265901565552,0.9821118116378784,0.9952935576438904,0.04438672214746475,0.04321502521634102,0.02508336678147316,0.057677607983350754,0.07254394888877869,0.02381734363734722,0.051757168024778366,0.024973269551992416,0.02391047589480877,0.030807463452219963,0.021758293733000755,0.03266299515962601,0.0660780593752861,0.026641657575964928,0.025863291695713997,0.03689070791006088,0.02698354795575142,0.026839038357138634,0.02693815343081951,0.03938335180282593,0.032925549894571304,0.04399333521723747,0.0256926491856575,0.027634190395474434,0.03699367120862007,15000,450000,19200,484200
11,13,X2,-3.0082012369606925,5.874529704451561,0.9448851346969604,0.9375172257423401,1.1161175966262817,0.9824039340019226,0.9955994486808777,0.04877616465091705,0.05193769186735153,0.02397690899670124,0.056973062455654144,0.07465358078479767,0.02392049878835678,0.049954604357481,0.024957824498414993,0.023308223113417625,0.029590122401714325,0.02178196981549263,0.033449701964855194,0.057188209146261215,0.026046831160783768,0.02534971386194229,0.03749670460820198,0.026931967586278915,0.027032362297177315,0.026604468002915382,0.0405861921608448,0.03202904388308525,0.04463144391775131,0.02571961097419262,0.027194442227482796,0.03791502118110657,15000,450000,19200,484200
11,14,X21,2.2823707790811287,5.872785510495305,0.9449265599250793,0.9371485114097595,1.116424560546875,0.9814722537994385,0.9958500862121582,0.04773326590657234,0.05062130466103554,0.0234094075858593,0.055728282779455185,0.0720808282494545,0.02388847805559635,0.0508134625852108,0.025305408984422684,0.02347385324537754,0.028561783954501152,0.021807199344038963,0.03336087241768837,0.060735177248716354,0.02606026642024517,0.026483824476599693,0.03768444061279297,0.026865573599934578,0.026788055896759033,0.026348581537604332,0.041716478765010834,0.03138067200779915,0.04466282203793526,0.025719085708260536,0.026933681219816208,0.03880073130130768,15000,450000,19200,484200
11,15,X26,-2.2389995616155223,5.866295935586095,0.9449213147163391,0.9372219443321228,1.1157736778259277,0.982088029384613,0.9950131773948669,0.047488268464803696,0.04817844554781914,0.024245165288448334,0.05974452197551727,0.0750758945941925,0.023935668170452118,0.05205206200480461,0.024768274277448654,0.023183250799775124,0.023464636877179146,0.021230025216937065,0.029269717633724213,0.06024070829153061,0.026823142543435097,0.02790508233010769,0.03542521968483925,0.0273252185434103,0.026912875473499298,0.026399750262498856,0.04198605567216873,0.031544484198093414,0.04341533035039902,0.02583494782447815,0.02766680158674717,0.03716224431991577,15000,450000,19200,484200
11,16,X29,-0.6128110190340266,5.861663240939379,0.9450057148933411,0.9375498294830322,1.1159213781356812,0.9830204844474792,0.994731068611145,0.046080633997917175,0.048372019082307816,0.024399427697062492,0.056667760014534,0.07418118417263031,0.023878442123532295,0.05214661732316017,0.024364566430449486,0.023318538442254066,0.02309846505522728,0.021199805662035942,0.028442366048693657,0.061981603503227234,0.026942173019051552,0.028925368562340736,0.03557496517896652,0.02658425085246563,0.026893500238656998,0.026237254962325096,0.04098843038082123,0.031020287424325943,0.04348507523536682,0.025897445157170296,0.027686486020684242,0.03706809878349304,15000,450000,19200,484200
11,17,X18,-1.523353209817345,5.865838870406151,0.945212721824646,0.9378108978271484,1.1157840490341187,0.9850427508354187,0.9948562979698181,0.04676978662610054,0.049679093062877655,0.02414485439658165,0.05602807551622391,0.0733288824558258,0.023869631811976433,0.05132286623120308,0.024838365614414215,0.02329692617058754,0.0243949294090271,0.021109413355588913,0.028818393126130104,0.06252369284629822,0.026640841737389565,0.029640063643455505,0.0362461693584919,0.02660517208278179,0.027055807411670685,0.02616269141435623,0.040910761803388596,0.03105870634317398,0.04315398633480072,0.025863042101264,0.027626855298876762,0.03604314476251602,15000,450000,19200,484200
11,18,X20,-2.6121344178397887,5.869643162935972,0.9451170563697815,0.9378447532653809,1.115410566329956,0.9856278300285339,0.9963479042053223,0.04780051112174988,0.05042335391044617,0.02459617890417576,0.05431116372346878,0.07105984538793564,0.023796984925866127,0.05179170146584511,0.023980917409062386,0.022352783009409904,0.02284107357263565,0.021321061998605728,0.029146812856197357,0.06308440119028091,0.02722924016416073,0.03319951891899109,0.03936273232102394,0.027796480804681778,0.026398202404379845,0.024901138618588448,0.04013247787952423,0.032656196504831314,0.041641686111688614,0.02585250325500965,0.03031282126903534,0.03330526500940323,15000,450000,19200,484200
11,19,X16,2.6573409550985545,5.869510585442185,0.945277214050293,0.9377645254135132,1.115402102470398,0.986274003982544,0.9965015649795532,0.0469522699713707,0.05060486122965813,0.024477271363139153,0.05457617715001106,0.07136835902929306,0.02378588542342186,0.0511496365070343,0.023795826360583305,0.02233257330954075,0.02336624078452587,0.02126232720911503,0.029382377862930298,0.06355658173561096,0.02707558497786522,0.03260919824242592,0.03982533887028694,0.0275275781750679,0.026294216513633728,0.024311847984790802,0.040024664252996445,0.0323440320789814,0.04166968911886215,0.025822922587394714,0.0304015651345253,0.03377414867281914,15000,450000,19200,484200
11,20,X20,2.1784519456978115,5.868569154292345,0.9453670382499695,0.937821090221405,1.1153484582901,0.9861600399017334,0.9960259795188904,0.045584786683321,0.050691623240709305,0.02389962412416935,0.05575795844197273,0.07118462026119232,0.023785267025232315,0.0506623312830925,0.023760121315717697,0.02245483547449112,0.023557640612125397,0.021192379295825958,0.02931925095617771,0.06339826434850693,0.0270495917648077,0.03278738260269165,0.03970993682742119,0.027647575363516808,0.026365112513303757,0.024270202964544296,0.03952355310320854,0.03208010643720627,0.04285299777984619,0.025848930701613426,0.03020230121910572,0.03426015377044678,15000,450000,19200,484200
11,21,X12,2.942495771380795,5.882971748709679,0.9465126991271973,0.9380309581756592,1.1153475046157837,0.9842656254768372,0.9959781765937805,0.04812171310186386,0.05425550788640976,0.02337595820426941,0.059303659945726395,0.07865987718105316,0.023749621585011482,0.04966788366436958,0.024233488366007805,0.022223951295018196,0.02480635792016983,0.021119799464941025,0.028873873874545097,0.0611705482006073,0.02798014134168625,0.03441570699214935,0.038106825202703476,0.026705538854002953,0.02650202065706253,0.02415112778544426,0.038765799254179,0.03141290694475174,0.04484513774514198,0.025955939665436745,0.029541324824094772,0.03489207476377487,15000,450000,19200,484200
11,22,X21,4.475033445574185,5.882018107920885,0.9468228220939636,0.9378656148910522,1.1153712272644043,0.9838512539863586,0.9957082271575928,0.048055391758680344,0.05369458347558975,0.023115839809179306,0.05762859806418419,0.08013299852609634,0.023790916427969933,0.049191202968358994,0.024129534140229225,0.022374991327524185,0.024641118943691254,0.021205322816967964,0.02836161106824875,0.06176193803548813,0.027942735701799393,0.034929387271404266,0.03809772804379463,0.026381734758615494,0.026543138548731804,0.024263139814138412,0.03879496827721596,0.03177299723029137,0.04532799497246742,0.02598291076719761,0.029586372897028923,0.03469180688261986,15000,450000,19200,484200
11,23,X14,2.6418436790437116,5.88706855289638,0.9467370510101318,0.9378512501716614,1.115344524383545,0.9839501976966858,0.9957115054130554,0.04904408007860184,0.053545817732810974,0.02357872761785984,0.05824531242251396,0.0825965628027916,0.023828495293855667,0.048353880643844604,0.024253154173493385,0.022373801097273827,0.02495788224041462,0.02111215516924858,0.02869807742536068,0.06216397508978844,0.027836166322231293,0.035098835825920105,0.037995778024196625,0.025662625208497047,0.026462124660611153,0.024421459063887596,0.038790468126535416,0.03143969550728798,0.045420266687870026,0.0259646475315094,0.029606984928250313,0.03602305054664612,15000,450000,19200,484200
11,24,X29,-1.981583460676013,5.894507609307766,0.9463569521903992,0.9375675916671753,1.115396499633789,0.9826703071594238,0.9966164827346802,0.04833073168992996,0.05780383199453354,0.024591630324721336,0.05470900610089302,0.08849746733903885,0.023817721754312515,0.05076194182038307,0.024067267775535583,0.021956607699394226,0.024813398718833923,0.02110367640852928,0.029750827699899673,0.060788676142692566,0.027595190331339836,0.03099045902490616,0.03691304102540016,0.025650277733802795,0.02715911529958248,0.024740684777498245,0.03984672948718071,0.031048133969306946,0.047317635267972946,0.026092180982232094,0.02921176701784134,0.03834177553653717,15000,450000,19200,484200
