episode,step,total_loss,loss_X1,loss_X2,loss_X10,loss_X11,loss_X12,loss_X13,loss_X14,loss_X15,loss_X3,loss_X4,loss_X5,loss_X6,loss_X7,loss_X8,loss_X9
0,0,31.135293447971343,0.9554615020751953,1.146030306816101,1.2316806316375732,1.2996039390563965,4.17889928817749,3.4449944496154785,1.5467125177383423,2.136190176010132,1.8020024299621582,4.807389736175537,2.130960464477539,4.070144176483154,1.4577991962432861,0.7042087912559509,1.9044092893600464
0,1,4.381109416484833,0.9723035097122192,1.1474874019622803,0.04191860556602478,0.05114931985735893,0.7669165134429932,0.13679614663124084,0.04586540535092354,0.05505847930908203,0.04999304935336113,0.03495302051305771,2.3216769695281982,0.22254490852355957,0.047664642333984375,0.043988343328237534,0.138625830411911
0,2,1.7570557437837124,0.9631150364875793,1.1446964740753174,0.029084615409374237,0.049260981380939484,0.40396246314048767,0.07582283020019531,0.051105644553899765,0.024860257282853127,0.04071797803044319,0.030914219096302986,0.04221906512975693,0.2625395953655243,0.10116586834192276,0.0767475962638855,0.1470923274755478
0,3,1.435108606889844,0.9686960577964783,1.1445811986923218,0.045272018760442734,0.047925785183906555,0.21842840313911438,0.08397667855024338,0.05672838166356087,0.023670678958296776,0.036027900874614716,0.02617054060101509,0.03670906648039818,0.13731993734836578,0.1736982762813568,0.06232812628149986,0.0641973614692688
0,4,1.5214779544621706,0.9687299728393555,1.1472134590148926,0.05560990050435066,0.08063074946403503,0.043153803795576096,0.21832789480686188,0.04871419072151184,0.02436353638768196,0.034425560384988785,0.02475552447140217,0.170686274766922,0.19373410940170288,0.056650981307029724,0.06504034250974655,0.08219639956951141
0,5,1.6024734739214181,0.9676137566566467,1.1483875513076782,0.059599291533231735,0.13904014229774475,0.11692294478416443,0.028312593698501587,0.05599559471011162,0.03657281771302223,0.032676901668310165,0.02788650430738926,0.23325102031230927,0.23799805343151093,0.07312823832035065,0.07006870955228806,0.06782039999961853
0,6,1.8435405593365433,0.9652482867240906,1.15166437625885,0.06076345965266228,0.3870144486427307,0.04614170640707016,0.043030090630054474,0.023833928629755974,0.02441827952861786,0.028590543195605278,0.029146088287234306,0.2792094051837921,0.2520733177661896,0.08570513129234314,0.08183444291353226,0.07839718461036682
0,7,1.7973547164350747,0.9668087363243103,1.15010666847229,0.029597563669085503,0.09198947250843048,0.058751046657562256,0.03355029970407486,0.04094992205500603,0.02360736019909382,0.027776772156357765,0.02749016135931015,0.13705039024353027,0.7245793342590332,0.06638142466545105,0.03370172902941704,0.07854615896940231
0,8,1.7341043788939716,0.9667965173721313,1.1503095626831055,0.04480576887726784,0.09920163452625275,0.055726464837789536,0.0413750521838665,0.03256300091743469,0.023601150140166283,0.03203989565372467,0.03035615384578705,0.1038137823343277,0.5830476880073547,0.07847438752651215,0.09369496256113052,0.09198322147130966
0,9,1.9657312706112862,0.9674839377403259,1.1534218788146973,0.040810178965330124,0.10317587107419968,0.06997153162956238,0.053586196154356,0.030444428324699402,0.02154185064136982,0.02887345664203167,0.03071233443915844,0.0835857167840004,0.8916635513305664,0.07946216315031052,0.030461037531495094,0.0772617906332016
1,0,32.42733504772186,0.9554615020751953,1.146030306816101,2.1277358531951904,1.8486751317977905,3.3709850311279297,3.059913158416748,1.9284700155258179,2.164205312728882,1.2536773681640625,5.101962566375732,2.211512565612793,4.138806343078613,1.982162594795227,0.6132639646530151,2.2056667804718018
1,1,5.071993710100651,0.9582637548446655,1.1671044826507568,0.04829953983426094,0.1414923071861267,1.717923879623413,0.07221289724111557,0.07956303656101227,0.059784531593322754,0.04016518220305443,0.032230865210294724,2.0214271545410156,0.1525750458240509,0.05999821424484253,0.0534624345600605,0.16778497397899628
1,2,2.4257908444851637,0.9600718021392822,1.1528234481811523,0.15144068002700806,0.07910279184579849,0.18859714269638062,0.36527615785598755,0.08678319305181503,0.1009959951043129,0.028696628287434578,0.036653850227594376,0.03819805011153221,0.3295029401779175,0.04886823520064354,0.06772374361753464,0.4813723862171173
1,3,3.239378597587347,0.9611179232597351,1.1490596532821655,0.18101078271865845,0.0949665978550911,0.20891399681568146,0.5395408272743225,0.09657120704650879,0.09630738943815231,0.031420931220054626,0.04238342121243477,0.1281934529542923,0.37468191981315613,0.06926032900810242,0.08773084729909897,0.8663613796234131
1,4,2.3058134779334067,0.9618509411811829,1.1485592126846313,0.0801653116941452,0.08605581521987915,0.23664456605911255,0.5387318730354309,0.05433933436870575,0.03912970423698425,0.042080920189619064,0.02814832702279091,0.3027503192424774,0.08499949425458908,0.14536167681217194,0.1725415289402008,0.07278257608413696
1,5,1.3318422459065915,0.9614854454994202,1.148740291595459,0.04909689351916313,0.08942494541406631,0.21553170680999756,0.1181752160191536,0.02984248287975788,0.036844655871391296,0.034443095326423645,0.02359175495803356,0.046966370195150375,0.07250430434942245,0.05638228729367256,0.05728612095117569,0.07970726490020752
1,6,1.474933434650302,0.9607840776443481,1.1457464694976807,0.08557894825935364,0.06324254721403122,0.1854286640882492,0.12933817505836487,0.030658425763249397,0.03645331785082817,0.03695950284600258,0.025788024067878723,0.09916502982378006,0.059771861881017685,0.18584127724170685,0.05182608217000961,0.06357546895742416
1,7,1.4277256090193986,0.962887167930603,1.1418334245681763,0.059278704226017,0.04919879138469696,0.13107502460479736,0.02657746523618698,0.029085181653499603,0.035290226340293884,0.04423486068844795,0.022833818569779396,0.09029165655374527,0.06279173493385315,0.294331431388855,0.10482805222272873,0.05696454271674156
1,8,1.458214407786727,0.9611958861351013,1.142016887664795,0.07003320008516312,0.04714186489582062,0.10123120248317719,0.034722160547971725,0.026380183175206184,0.026918526738882065,0.04709922522306442,0.02525962144136429,0.09584959596395493,0.06438096612691879,0.3187600374221802,0.1286696195602417,0.051125649362802505
1,9,1.506673389300704,0.9588375687599182,1.142268419265747,0.11816512793302536,0.04615037515759468,0.09626274555921555,0.032598260790109634,0.0235055610537529,0.02643834985792637,0.048986710608005524,0.025746650993824005,0.08776268362998962,0.055740468204021454,0.35279741883277893,0.12139067053794861,0.05090716853737831
1,10,1.6468378581106662,0.9588251709938049,1.1423659324645996,0.09583286941051483,0.0706770271062851,0.09987762570381165,0.025322187691926956,0.030795225873589516,0.024052662774920464,0.04108326882123947,0.02523817867040634,0.08895973861217499,0.06390593200922012,0.45787426829338074,0.12392855435609818,0.07905209809541702
1,11,1.53920793235302,0.9588106870651245,1.1423219442367554,0.10604899376630783,0.06128469109535217,0.08299560844898224,0.0264330692589283,0.025141173973679543,0.02254297584295273,0.039051078259944916,0.02400149218738079,0.06549395620822906,0.06414613872766495,0.41405797004699707,0.13346697390079498,0.05431728437542915
2,0,31.04292514324188,0.9554615020751953,1.146030306816101,1.0913342237472534,1.2797551155090332,4.195680618286133,2.6266074180603027,2.1052699089050293,1.8188893795013428,1.9292302131652832,4.3378496170043945,1.7268110513687134,3.5281894207000732,3.0216588973999023,0.9151668548583984,2.0461840629577637
2,1,3.9184743098914625,0.9545525312423706,1.1625875234603882,0.10680239647626877,0.29180094599723816,0.8358086943626404,0.12044784426689148,0.023792888969182968,0.029361695051193237,0.03623289614915848,0.03319346904754639,1.573861837387085,0.09416496753692627,0.08155781030654907,0.17356793582439423,0.09445291757583618
2,2,3.3944597478955982,0.9523599743843079,1.1495298147201538,0.031803857535123825,0.15239974856376648,0.37775924801826477,0.07569736987352371,0.02160263992846012,0.0423101931810379,0.02871905267238617,0.03228309005498886,1.6135743856430054,0.12973229587078094,0.07425303757190704,0.19432270526885986,0.199624165892601
2,3,1.5472868476063013,0.9550907015800476,1.1592508554458618,0.03255905956029892,0.24879884719848633,0.1884247064590454,0.08005479723215103,0.026406265795230865,0.03647749498486519,0.02823764644563198,0.03840511292219162,0.16754257678985596,0.06413391977548599,0.06313426792621613,0.07471674680709839,0.07552709430456161
2,4,1.7884786240756512,0.9595390558242798,1.1565295457839966,0.050906285643577576,0.28292161226272583,0.050551638007164,0.07207813858985901,0.044376958161592484,0.031951986253261566,0.027137592434883118,0.03998953476548195,0.20503927767276764,0.0523267462849617,0.054277751594781876,0.08319436013698578,0.37051302194595337
2,5,1.7171800572425127,0.9609159827232361,1.1569294929504395,0.05093063414096832,0.27491819858551025,0.0671350434422493,0.07846693694591522,0.05804421380162239,0.034490279853343964,0.029247527942061424,0.03349699452519417,0.13435237109661102,0.06547718495130539,0.09943363815546036,0.05923974886536598,0.3083781898021698
2,6,1.458911582455039,0.9608769416809082,1.1559302806854248,0.041286226361989975,0.047223467379808426,0.09001746773719788,0.08232233673334122,0.07205930352210999,0.027874046936631203,0.02520965412259102,0.02786828763782978,0.022313004359602928,0.0485353097319603,0.08276496827602386,0.042057767510414124,0.42601829767227173
2,7,1.210817163065076,0.9579291939735413,1.1530818939208984,0.03783990442752838,0.04877885431051254,0.203947052359581,0.07483228296041489,0.028133349493145943,0.02435646392405033,0.02883262000977993,0.036476776003837585,0.03145140781998634,0.06246182695031166,0.11899079382419586,0.04563732445240021,0.04687628895044327
2,8,1.259302945435047,0.9582615494728088,1.152590274810791,0.08671696484088898,0.041922420263290405,0.15780209004878998,0.05735369026660919,0.027210203930735588,0.024319961667060852,0.02863525040447712,0.028716403990983963,0.08720182627439499,0.05895256623625755,0.15315477550029755,0.04559541121125221,0.0395510159432888
2,9,1.2794419445097447,0.9570348858833313,1.1517475843429565,0.07203325629234314,0.0407472662627697,0.17083628475666046,0.05011405050754547,0.027028804644942284,0.02197413332760334,0.026913251727819443,0.02779267728328705,0.0830807015299797,0.0672907754778862,0.18942859768867493,0.03810086473822594,0.04234478622674942
2,10,1.290598486363888,0.956744372844696,1.1512997150421143,0.03672738000750542,0.03447454050183296,0.2279365211725235,0.04896355792880058,0.022378012537956238,0.023057300597429276,0.02406156249344349,0.024995803833007812,0.023089317604899406,0.08764030784368515,0.21913227438926697,0.030520468950271606,0.06601262092590332
2,11,1.3330538373440504,0.9573636054992676,1.150391697883606,0.029365304857492447,0.03359245881438255,0.26232147216796875,0.05623218044638634,0.02184189297258854,0.023720866069197655,0.025185182690620422,0.02538871392607689,0.021886104717850685,0.08794855326414108,0.2209869921207428,0.03002774342894554,0.073005311191082
2,12,1.1693335153162479,0.9576680660247803,1.1508570909500122,0.035810451954603195,0.03376462683081627,0.23332712054252625,0.04044155031442642,0.022488372400403023,0.022906914353370667,0.028784139081835747,0.0243401937186718,0.025286678224802017,0.08058271557092667,0.088271364569664,0.03320952132344246,0.07841483503580093
2,13,1.2216638654470444,0.9570390582084656,1.1529045104980469,0.02549668587744236,0.027273356914520264,0.2053978592157364,0.06705921143293381,0.023747321218252182,0.025206925347447395,0.027891602367162704,0.02761690691113472,0.04647333174943924,0.08871036022901535,0.12114360928535461,0.027590110898017883,0.08606787025928497
2,14,1.2660242464393376,0.9571886658668518,1.1530510187149048,0.02414874918758869,0.02486111968755722,0.20691610872745514,0.06032296270132065,0.03138814494013786,0.022628841921687126,0.027528809383511543,0.0244238693267107,0.04227066412568092,0.1279883086681366,0.13339607417583466,0.024963373318314552,0.09313928335905075
2,15,1.2276087481528521,0.9574356079101562,1.1536153554916382,0.021855654194951057,0.025014173239469528,0.22082021832466125,0.06137582287192345,0.03899956867098808,0.021867942065000534,0.02672789990901947,0.02228318154811859,0.04824819043278694,0.12397520989179611,0.10354520380496979,0.02554372325539589,0.06514176726341248
2,16,1.2653308302164077,0.9580339789390564,1.1521157026290894,0.023733511567115784,0.022757381200790405,0.2534101903438568,0.057630982249975204,0.06684109568595886,0.023159131407737732,0.026281094178557396,0.026790382340550423,0.03902197256684303,0.1340848207473755,0.07627321779727936,0.026817768812179565,0.06649934500455856
2,17,1.0956059787422419,0.9569814205169678,1.1516050100326538,0.024272069334983826,0.02363276481628418,0.036382973194122314,0.0771658644080162,0.05499161034822464,0.022514350712299347,0.030163325369358063,0.023650940507650375,0.022941116243600845,0.16034290194511414,0.08280942589044571,0.02283749170601368,0.09218385815620422
2,18,0.8965160690248013,0.9564509987831116,1.151496410369873,0.02252800203859806,0.023096594959497452,0.0357913076877594,0.03507597744464874,0.055610157549381256,0.021324995905160904,0.02522410824894905,0.023399489000439644,0.03152472898364067,0.10728508234024048,0.02497067302465439,0.022254303097724915,0.04684116691350937
2,19,0.9122011482715606,0.9566605091094971,1.151122808456421,0.0262661874294281,0.02196352370083332,0.03953637555241585,0.05217208340764046,0.05143153294920921,0.02552979625761509,0.0306487325578928,0.02523929439485073,0.033396027982234955,0.08233429491519928,0.02475113794207573,0.023227117955684662,0.05414837971329689
2,20,0.9293267548084259,0.956254780292511,1.1508320569992065,0.027686642482876778,0.023576129227876663,0.03793460875749588,0.05486927554011345,0.053551528602838516,0.023274967446923256,0.026056956499814987,0.028366945683956146,0.030924353748559952,0.09282273799180984,0.027586739510297775,0.02427591383457184,0.05698258802294731
2,21,0.931307265534997,0.9563651084899902,1.1509875059127808,0.02599603869020939,0.02328723482787609,0.04026329144835472,0.052581701427698135,0.04999156296253204,0.02520417422056198,0.027827776968479156,0.02587468922138214,0.030444322153925896,0.10978366434574127,0.02505241334438324,0.024947363883256912,0.04858250916004181
2,22,0.9398268226534129,0.9561979174613953,1.1492921113967896,0.026266323402523994,0.02727273292839527,0.03527776151895523,0.05301947891712189,0.05185345560312271,0.022983668372035027,0.02489316835999489,0.02447543665766716,0.02929823100566864,0.1187845915555954,0.02651006169617176,0.02488885261118412,0.05320505425333977
2,23,0.9038347862660885,0.9566630721092224,1.1497576236724854,0.02774510532617569,0.024567510932683945,0.03534417599439621,0.042067836970090866,0.04873879626393318,0.023091377690434456,0.02310912311077118,0.021926071494817734,0.03320705145597458,0.09515222907066345,0.03024834208190441,0.02321559563279152,0.05413743108510971
2,24,0.9121566779911519,0.9566454291343689,1.1497999429702759,0.02695149928331375,0.02589474432170391,0.034482117742300034,0.03425472602248192,0.05226173251867294,0.022518252953886986,0.026333337649703026,0.024444056674838066,0.025679295882582664,0.11654262989759445,0.02916664071381092,0.02382897585630417,0.048509594053030014
3,0,31.591451406478882,0.9530555605888367,1.1520687341690063,2.1636664867401123,1.5739445686340332,4.165012359619141,3.470676898956299,1.7505601644515991,1.8270450830459595,1.2989140748977661,4.5614519119262695,2.357017993927002,3.969670057296753,1.642688512802124,0.583076536655426,1.806701898574829
3,1,5.908966017514468,0.9583608508110046,1.1414068937301636,0.32238560914993286,1.6674277782440186,0.525225043296814,2.2880125045776367,0.2334858775138855,0.042453669011592865,0.04302903637290001,0.06669043004512787,0.033976148813962936,0.05200442299246788,0.029450997710227966,0.08124075084924698,0.1036302000284195
3,2,6.5189167384058235,0.9533189535140991,1.1405489444732666,0.14888112246990204,1.6100659370422363,1.1533851623535156,1.450701117515564,0.8119627833366394,0.0655846819281578,0.0495813749730587,0.03017379343509674,0.07096455246210098,0.07681849598884583,0.025944633409380913,0.3571823537349701,0.24889715015888214
3,3,2.0394332144409417,0.9524057507514954,1.1400198936462402,0.02404424175620079,0.04406365752220154,0.5409440994262695,0.048902690410614014,0.026917649433016777,0.061003658920526505,0.04666880518198013,0.03973344713449478,0.035251688212156296,0.1519872397184372,0.07956559956073761,0.07147669792175293,0.4503886103630066
3,4,2.985959257185459,0.9546459317207336,1.1407803297042847,0.02630511298775673,0.05929550155997276,0.5435049533843994,0.2312389314174652,0.028333798050880432,0.03729669004678726,0.04340728744864464,0.026362240314483643,0.048241715878248215,0.14643415808677673,0.11164069920778275,0.03884252905845642,1.2259703874588013
3,5,3.7693733397871254,0.9543017745018005,1.14078950881958,0.0399530753493309,0.07591328769922256,0.5035409927368164,0.3331698775291443,0.025344062596559525,0.03707515075802803,0.05546354129910469,0.02940104342997074,0.05464029684662819,0.20110897719860077,0.062275480479002,0.03970484808087349,1.8927644491195679
3,6,2.226684894040227,0.9540539979934692,1.1405636072158813,0.027048371732234955,0.05053992569446564,0.4096429646015167,0.945906937122345,0.04204535856842995,0.0374196358025074,0.041414525359869,0.027812669053673744,0.03451445326209068,0.054974522441625595,0.0220115315169096,0.025891227647662163,0.0885392501950264
3,7,1.2523640774190428,0.9535176753997803,1.1411758661270142,0.033201780170202255,0.05442090705037117,0.19005025923252106,0.07192154228687286,0.02254735492169857,0.027752075344324112,0.043662793934345245,0.028135288506746292,0.029064759612083435,0.1057380735874176,0.02792077325284481,0.07205918431282043,0.12695057690143585
3,8,1.2620492048561573,0.9531062245368958,1.1410123109817505,0.03252740949392319,0.030033208429813385,0.15618984401226044,0.05658452957868576,0.02655079774558544,0.028907207772135735,0.05575688183307648,0.029889853671193123,0.0284791961312294,0.11182816326618195,0.027580542489886284,0.1129021868109703,0.14599567651748657
3,9,1.2344618998467922,0.9533353447914124,1.1412389278411865,0.033384766429662704,0.046140678226947784,0.07356435060501099,0.0267650056630373,0.023895777761936188,0.025297334417700768,0.046725597232580185,0.026351720094680786,0.031078681349754333,0.12509578466415405,0.03689628466963768,0.17091745138168335,0.14943361282348633
3,10,1.214003673940897,0.9531505703926086,1.141916275024414,0.03736048936843872,0.05330830439925194,0.07881560176610947,0.02844437025487423,0.02384169027209282,0.0217725969851017,0.03737689554691315,0.027528556063771248,0.04405108094215393,0.07787246257066727,0.03280450403690338,0.16839633882045746,0.16341741383075714
3,11,1.1892614625394344,0.9532684683799744,1.1412360668182373,0.04599090665578842,0.05154869705438614,0.07702295482158661,0.023798786103725433,0.021333128213882446,0.025732479989528656,0.03313853219151497,0.028888363391160965,0.04313249886035919,0.07972221821546555,0.03671330586075783,0.20461803674697876,0.09872064739465714
3,12,1.0947529193013907,0.9530588388442993,1.1415436267852783,0.04266439750790596,0.036384470760822296,0.0764908418059349,0.02633531019091606,0.021571744233369827,0.02371373400092125,0.033087339252233505,0.023806562647223473,0.04773851856589317,0.06673005223274231,0.050483815371990204,0.14925582706928253,0.07756981253623962
3,13,1.0678474258631467,0.952642560005188,1.143340826034546,0.06359510123729706,0.042929600924253464,0.07646909356117249,0.022654689848423004,0.023574674502015114,0.025711664929986,0.028716163709759712,0.026101987808942795,0.0366949625313282,0.05081024020910263,0.06233355775475502,0.0803968757390976,0.10866213589906693
3,14,1.0546794336289167,0.9526878595352173,1.1432251930236816,0.05316320061683655,0.039128903299570084,0.04894966259598732,0.023958967998623848,0.024730047211050987,0.02216685563325882,0.030160265043377876,0.03234237805008888,0.036950234323740005,0.052259091287851334,0.08464882522821426,0.08758234977722168,0.09945604205131531
3,15,1.077307404577732,0.9531382322311401,1.1432150602340698,0.05761400982737541,0.044451259076595306,0.06989402323961258,0.030387135222554207,0.02335721254348755,0.025137359276413918,0.033896010369062424,0.03018546849489212,0.032624926418066025,0.055782899260520935,0.07900038361549377,0.06921392679214478,0.10649213194847107
3,16,1.0868390697985888,0.9534467458724976,1.1433757543563843,0.05963914096355438,0.042858559638261795,0.05524546280503273,0.025425570085644722,0.02593146078288555,0.02055627852678299,0.034398533403873444,0.028145721182227135,0.030062951147556305,0.03973839059472084,0.0810428187251091,0.08634193241596222,0.13808774948120117
3,17,0.9655701238662004,0.9534240961074829,1.1430602073669434,0.024451477453112602,0.02380196936428547,0.05007574334740639,0.029137151315808296,0.02346920035779476,0.022081010043621063,0.026644648984074593,0.027403321117162704,0.02925347536802292,0.04990989342331886,0.03719567880034447,0.07233647257089615,0.13051322102546692
3,18,1.0184635940939188,0.9536693692207336,1.1430819034576416,0.022455666214227676,0.026438983157277107,0.05387634038925171,0.025420475751161575,0.024615667760372162,0.0234459787607193,0.027011139318346977,0.025234775617718697,0.029004164040088654,0.04355286434292793,0.0503028966486454,0.07291289418935776,0.1748414933681488
3,19,1.045408856496215,0.9531678557395935,1.1430531740188599,0.036869652569293976,0.03540178760886192,0.05715983361005783,0.026015646755695343,0.02303042635321617,0.02330496720969677,0.02860942855477333,0.02104835957288742,0.0220794714987278,0.07474055141210556,0.036763109266757965,0.07920894771814346,0.16193246841430664
3,20,1.0228665046393872,0.9532082080841064,1.1430542469024658,0.028287474066019058,0.024268724024295807,0.04374883696436882,0.028403999283909798,0.02324838750064373,0.01978098787367344,0.02371756173670292,0.023763466626405716,0.02665887027978897,0.06576188653707504,0.049010951071977615,0.09964708238840103,0.14731578528881073
3,21,1.038788602873683,0.9530705809593201,1.1439405679702759,0.030117638409137726,0.022634845227003098,0.0466911643743515,0.027279188856482506,0.023123925551772118,0.02008051425218582,0.02677072212100029,0.028673771768808365,0.024923181161284447,0.07702941447496414,0.04605688899755478,0.07796955108642578,0.1680355668067932
3,22,1.0711729701608421,0.9537143707275391,1.1442389488220215,0.0258343443274498,0.024436717852950096,0.04899065941572189,0.027728525921702385,0.025595637038350105,0.023615749552845955,0.02439395897090435,0.02576773799955845,0.025556033477187157,0.09169546514749527,0.03967142850160599,0.09123869240283966,0.17705735564231873
3,23,1.0838891591876747,0.9536157250404358,1.144685983657837,0.02651994675397873,0.026080187410116196,0.037712547928094864,0.027669783681631088,0.0229636300355196,0.022999746724963188,0.02599394880235195,0.02749934419989586,0.02715805545449257,0.09256810694932938,0.038825873285532,0.09250953793525696,0.1957281082868576
4,0,31.9229252576828,0.9554615020751953,1.146030306816101,1.4453610181808472,2.28279972076416,4.193124294281006,3.3672502040863037,1.3892978429794312,2.3600943088531494,1.3632597923278809,3.535853624343872,2.3010120391845703,3.5989904403686523,2.6450510025024414,1.053128719329834,1.9674038887023926
4,1,6.462073440477252,0.9533876776695251,1.1405819654464722,0.07918662577867508,0.059348829090595245,0.23309412598609924,3.633775234222412,1.6155683994293213,0.024038895964622498,0.028091685846447945,0.042719222605228424,0.028609324246644974,0.03906518593430519,0.03153899684548378,0.06111662834882736,0.1671263575553894
4,2,3.335977428033948,0.9539059996604919,1.1399976015090942,0.03168545290827751,0.27791738510131836,0.5801326036453247,1.4297822713851929,0.10152782499790192,0.03387686237692833,0.05848488584160805,0.03430970013141632,0.03143324702978134,0.06089581921696663,0.06362450867891312,0.028103413060307503,0.18542273342609406
4,3,2.6827618297189475,0.9598435163497925,1.1423627138137817,0.04048314690589905,0.6340633630752563,0.9561131596565247,0.027759861201047897,0.029577432200312614,0.031101394444704056,0.0475836843252182,0.032595887780189514,0.05563509464263916,0.12267480045557022,0.059906650334596634,0.05184447392821312,0.1729816347360611
4,4,1.5658712569624185,0.9569157361984253,1.1460477113723755,0.049846403300762177,0.13695496320724487,0.10816889256238937,0.027415573596954346,0.03262234479188919,0.023173289373517036,0.03880012407898903,0.032254401594400406,0.04605662077665329,0.21758687496185303,0.06980490684509277,0.055972978472709656,0.3066211938858032
4,5,1.300607031583786,0.960188627243042,1.1430660486221313,0.043450478464365005,0.11487715691328049,0.1368187814950943,0.031255241483449936,0.025377262383699417,0.024370048195123672,0.03154057264328003,0.03185819461941719,0.03979780152440071,0.08869893848896027,0.07510405033826828,0.06773453950881958,0.16907303035259247
4,6,1.4903151851147414,0.9565830826759338,1.1427991390228271,0.11346220225095749,0.09475475549697876,0.19837455451488495,0.026169372722506523,0.025985941290855408,0.024658972397446632,0.034245558083057404,0.026234231889247894,0.030353298410773277,0.1789308339357376,0.09158714860677719,0.08036187291145325,0.14531999826431274
4,7,1.5099816381931306,0.957101047039032,1.1429722309112549,0.12481094151735306,0.05735864117741585,0.17394907772541046,0.025209585204720497,0.03540436923503876,0.029478702694177628,0.029700543731451035,0.02972714602947235,0.025289611890912056,0.2175438106060028,0.043672867119312286,0.10959698259830475,0.1882247030735016
4,8,1.401241123303771,0.9583947658538818,1.1427584886550903,0.08606800436973572,0.05826900526881218,0.1291816234588623,0.02717617340385914,0.023582441732287407,0.022153571248054504,0.029849650338292122,0.032505884766578674,0.03536081314086914,0.3100133240222931,0.054413460195064545,0.0382637083530426,0.13417281210422516
4,9,1.3730436857789754,0.9612422585487366,1.1429678201675415,0.10462451726198196,0.04041710123419762,0.16136018931865692,0.025236615911126137,0.02262294851243496,0.021430931985378265,0.035099513828754425,0.030821409076452255,0.02712254785001278,0.26044800877571106,0.05771460384130478,0.04370517283678055,0.12159810960292816
4,10,1.5495783604681492,0.9604701995849609,1.144209384918213,0.08021972328424454,0.027512818574905396,0.21915660798549652,0.02182389423251152,0.021816199645400047,0.022003082558512688,0.02652074582874775,0.028380535542964935,0.027956662699580193,0.3379495143890381,0.04602223262190819,0.0461292490363121,0.22315117716789246
4,11,1.3116523742675783,0.9603767991065979,1.1450631618499756,0.050404615700244904,0.024699680507183075,0.16475607454776764,0.023558810353279114,0.0220971517264843,0.02514166384935379,0.026971040293574333,0.02784978412091732,0.022306475788354874,0.2630702555179596,0.05068451911211014,0.02478313073515892,0.16424117982387543
5,0,33.204656982421874,0.9554615020751953,1.146030306816101,1.7290005683898926,1.6588788032531738,4.440922737121582,3.3277158737182617,2.076143741607666,2.1600658893585205,1.3302514553070068,4.218423366546631,2.0539298057556152,4.129732131958008,2.083085536956787,1.146964430809021,2.42924427986145
5,1,4.000683718919754,0.9815039038658142,1.1681225299835205,0.031879350543022156,1.5993247032165527,0.22145037353038788,0.6908541321754456,0.15998633205890656,0.036935534328222275,0.03138578310608864,0.03546571731567383,0.32256412506103516,0.1048760637640953,0.16164016723632812,0.07335200905799866,0.10104414075613022
5,2,2.073614815622568,0.9685887098312378,1.1729094982147217,0.02826921083033085,0.0447564423084259,0.418006956577301,0.09601812809705734,0.022606728598475456,0.04575071483850479,0.03473934531211853,0.03211195394396782,0.3575505316257477,0.13942460715770721,0.2437625378370285,0.0684167742729187,0.11390124261379242
5,3,2.371384583041072,0.9670372605323792,1.1823835372924805,0.02829940989613533,0.02987104095518589,0.057909045368433,0.19566203653812408,0.02268332988023758,0.04517496004700661,0.033932045102119446,0.03534635901451111,0.4441320598125458,0.3132033050060272,0.33328816294670105,0.03825452923774719,0.3637441396713257
5,4,2.500186958163977,0.9626638293266296,1.1543865203857422,0.12350108474493027,0.026089342311024666,0.4627625048160553,0.0905422493815422,0.025406841188669205,0.04468758404254913,0.025487003847956657,0.03230542689561844,0.23529191315174103,0.6055626273155212,0.091201551258564,0.05044581741094589,0.2634929418563843
5,5,1.813446321338415,0.9640848636627197,1.1528966426849365,0.1462104767560959,0.025596559047698975,0.09594418853521347,0.04502522572875023,0.028593575581908226,0.04212662950158119,0.029264817014336586,0.03788834810256958,0.15545126795768738,0.5963261723518372,0.091924749314785,0.059258993715047836,0.036439016461372375
5,6,1.6139534033834935,0.9668000340461731,1.1507526636123657,0.11879801750183105,0.02340887486934662,0.07388018071651459,0.033893994987010956,0.029587721452116966,0.024263743311166763,0.030045416206121445,0.036645662039518356,0.156585231423378,0.5293796062469482,0.024786831811070442,0.06535783410072327,0.04380974918603897
5,7,1.7026137921959161,0.9689968824386597,1.1496970653533936,0.04049890860915184,0.023998495191335678,0.08572158962488174,0.02877025119960308,0.04258877411484718,0.023761244490742683,0.03075641579926014,0.03457990661263466,0.15676884353160858,0.5809469819068909,0.03639644384384155,0.15730713307857513,0.036780014634132385
5,8,1.250049912184477,0.9633066654205322,1.1487395763397217,0.0555516742169857,0.031607724726200104,0.0993008241057396,0.03387806937098503,0.0382564440369606,0.023446034640073776,0.029342398047447205,0.03473787382245064,0.1448753923177719,0.07618262618780136,0.03808864578604698,0.18138255178928375,0.04099040478467941
5,9,1.2249248523265124,0.9603219032287598,1.1486963033676147,0.06413396447896957,0.038679301738739014,0.11944175511598587,0.037795983254909515,0.03680194169282913,0.021921906620264053,0.02851090021431446,0.03266969323158264,0.129263773560524,0.07844563573598862,0.042595263570547104,0.13505396246910095,0.03780712932348251
5,10,0.9744265269488096,0.9591372609138489,1.1490410566329956,0.05439784377813339,0.025704501196742058,0.13981786370277405,0.03139611706137657,0.024143805727362633,0.019711660221219063,0.025678187608718872,0.033735089004039764,0.038383856415748596,0.05393606051802635,0.026466045528650284,0.03525271639227867,0.04416711628437042
5,11,0.9752874236553908,0.9589909911155701,1.1499905586242676,0.06563735753297806,0.02679864689707756,0.12029843777418137,0.03401380777359009,0.024349423125386238,0.022892111912369728,0.030673306435346603,0.03237657994031906,0.0279388464987278,0.06786869466304779,0.030439196154475212,0.027801256626844406,0.0424034483730793
5,12,0.9721510849893094,0.9593159556388855,1.1477415561676025,0.07265473157167435,0.026436615735292435,0.11033979803323746,0.04468108341097832,0.025945110246539116,0.024000441655516624,0.02602185681462288,0.03146402910351753,0.0290461964905262,0.060932792723178864,0.027380311861634254,0.028790315613150597,0.04304629936814308
5,13,0.8860216703265906,0.9604756236076355,1.147659182548523,0.05126240476965904,0.026154542341828346,0.05390536040067673,0.04586203768849373,0.030311644077301025,0.02308322675526142,0.02383880876004696,0.0348312109708786,0.02645529992878437,0.05498311296105385,0.026510829105973244,0.028881985694169998,0.03831424564123154
5,14,0.8586306873708963,0.9601625800132751,1.1473666429519653,0.040795426815748215,0.025708969682455063,0.05564660578966141,0.032237354665994644,0.03276627138257027,0.020445983856916428,0.025188373401761055,0.03172748163342476,0.032870396971702576,0.05342196673154831,0.025408370420336723,0.027531350031495094,0.033376291394233704
5,15,0.8510104894638062,0.9603822827339172,1.148520588874817,0.04286809265613556,0.026146411895751953,0.04749791696667671,0.02890249341726303,0.023142173886299133,0.025243809446692467,0.0265317652374506,0.033347826451063156,0.02933252602815628,0.054576653987169266,0.025045381858944893,0.024634668603539467,0.04196019470691681
5,16,0.8554104033857584,0.958465039730072,1.1489824056625366,0.05250824615359306,0.02450614422559738,0.05219051241874695,0.03163637965917587,0.027004364877939224,0.02117052488029003,0.025986213237047195,0.02848071977496147,0.02463778853416443,0.05508245900273323,0.02403484284877777,0.02403288334608078,0.04264983534812927
5,17,0.9181098844856024,0.9583401083946228,1.1492536067962646,0.0820923000574112,0.025611821562051773,0.054390620440244675,0.027991244569420815,0.02595263160765171,0.025554699823260307,0.024915587157011032,0.030820492655038834,0.028827914968132973,0.06231437623500824,0.024017341434955597,0.023285208269953728,0.06081690266728401
5,18,0.9096608445048332,0.9578287601470947,1.1492316722869873,0.08390434831380844,0.02576325088739395,0.05389353260397911,0.03092738427221775,0.02398006245493889,0.024265555664896965,0.02466255985200405,0.033320870250463486,0.028489883989095688,0.05779716372489929,0.024343984201550484,0.022745385766029358,0.05415477603673935
5,19,0.9049794096499681,0.9570191502571106,1.1478703022003174,0.08713842928409576,0.02424210123717785,0.04748291149735451,0.031587399542331696,0.021459564566612244,0.02485733851790428,0.02435234747827053,0.03021213784813881,0.04205245152115822,0.047391366213560104,0.02722940221428871,0.023351730778813362,0.052644338458776474
5,20,0.8160833023488522,0.9571346044540405,1.1479287147521973,0.030917340889573097,0.025703197345137596,0.05202195793390274,0.027447586879134178,0.023554394021630287,0.024722252041101456,0.021755237132310867,0.026271957904100418,0.021670764312148094,0.047658488154411316,0.025689829140901566,0.02459953911602497,0.04305809363722801
5,21,0.8300629802048206,0.9576390981674194,1.147182583808899,0.03328727185726166,0.028072267770767212,0.053959570825099945,0.030064234510064125,0.021184010431170464,0.023636676371097565,0.026048244908452034,0.02827359549701214,0.023029044270515442,0.047682929784059525,0.027154508978128433,0.0240764357149601,0.04262985289096832
5,22,0.8244386620819569,0.9574704766273499,1.1474705934524536,0.027947383001446724,0.024880412966012955,0.0532444529235363,0.030420128256082535,0.021303711459040642,0.021269315853714943,0.027002641931176186,0.02578248456120491,0.023349015042185783,0.04682067781686783,0.03022424317896366,0.024732135236263275,0.04647384583950043
5,23,0.8068976044654846,0.9580419063568115,1.147324800491333,0.027951855212450027,0.024775605648756027,0.05963294953107834,0.030244873836636543,0.023416580632328987,0.022401219233870506,0.027133118361234665,0.027142444625496864,0.022200044244527817,0.03566346690058708,0.025725331157445908,0.024332985281944275,0.03520378842949867
5,24,0.804339399561286,0.9581827521324158,1.1470661163330078,0.030255986377596855,0.026624836027622223,0.049032311886548996,0.029342425987124443,0.022695425897836685,0.024666855111718178,0.02429507113993168,0.026469845324754715,0.023222096264362335,0.03865203261375427,0.02755626291036606,0.025059523060917854,0.03541695326566696
6,0,29.93598277568817,0.9541040658950806,1.1443737745285034,0.6764846444129944,1.994653582572937,3.736448287963867,3.0693182945251465,1.4882711172103882,1.9827306270599365,1.54843008518219,3.740581750869751,3.0395736694335938,3.7739076614379883,1.6315860748291016,0.6845085024833679,2.1497929096221924
6,1,5.726844055950641,0.9541040658950806,1.1435596942901611,0.1571415811777115,0.060506224632263184,0.2406032681465149,0.3765971064567566,0.09573781490325928,0.06254938989877701,0.5052040815353394,1.4348098039627075,0.14244261384010315,0.2626049220561981,0.03275860846042633,1.1555273532867432,0.7808285355567932
6,2,4.067314087599516,0.9545953869819641,1.1419007778167725,0.11072884500026703,0.6791289448738098,0.20353972911834717,0.3192669451236725,0.18464788794517517,0.042292989790439606,0.04096246138215065,0.04865588992834091,0.052464984357357025,0.5784123539924622,0.6746506094932556,0.04736453294754028,0.6658986806869507
6,3,3.6090967074036597,0.9655576944351196,1.1423583030700684,0.08537916839122772,0.758508563041687,0.5359477996826172,0.19870403409004211,0.024379119277000427,0.046484366059303284,0.03387745842337608,0.049607329070568085,0.032099004834890366,0.19172807037830353,0.9538794159889221,0.2227097600698471,0.05420941859483719
6,4,4.579463248327374,0.9549011588096619,1.1463311910629272,0.03071756660938263,1.456502079963684,0.7741946578025818,0.12217776477336884,0.031337812542915344,0.06592065095901489,0.02949424460530281,0.03563525527715683,0.02530910260975361,0.1106303334236145,1.227054476737976,0.20744678378105164,0.042796049267053604
6,5,4.201620224863291,0.9549347758293152,1.1465458869934082,0.027430720627307892,1.354792594909668,0.8145167231559753,0.059959378093481064,0.026710718870162964,0.05753964185714722,0.02835509181022644,0.034830641001462936,0.05053186044096947,0.1291733980178833,1.0132863521575928,0.1388394832611084,0.045357488095760345
6,6,3.162955553084612,0.954500138759613,1.1510971784591675,0.033713869750499725,0.04148751124739647,1.4566662311553955,0.05980731174349785,0.025594748556613922,0.06103157624602318,0.032383259385824203,0.03143671154975891,0.029456455260515213,0.14319948852062225,0.6214177012443542,0.1398281753063202,0.06581304967403412
6,7,1.9219756729900837,0.9561893939971924,1.1488795280456543,0.06956669688224792,0.04121089354157448,0.18385103344917297,0.08519988507032394,0.026330066844820976,0.04393301159143448,0.024058831855654716,0.03209849074482918,0.04111989587545395,0.2587035596370697,0.4306098222732544,0.2006167322397232,0.06366296857595444
6,8,1.7952822539955378,0.9552093744277954,1.1499056816101074,0.08059459179639816,0.03428452089428902,0.15292423963546753,0.064002126455307,0.02448957972228527,0.04422939941287041,0.0263795368373394,0.02793601155281067,0.05853627994656563,0.2758161127567291,0.31605908274650574,0.22686217725276947,0.042145583778619766
6,9,1.8323705710470677,0.9552265405654907,1.149472713470459,0.11463220417499542,0.03623927757143974,0.14857928454875946,0.07801277935504913,0.023398015648126602,0.04325539991259575,0.030015330761671066,0.02864629030227661,0.0560653880238533,0.28581562638282776,0.2981305420398712,0.22245106101036072,0.04618952050805092
6,10,1.888470296189189,0.9542272090911865,1.1477018594741821,0.12443509697914124,0.041730839759111404,0.13052964210510254,0.07502545416355133,0.0221344456076622,0.03655024245381355,0.026549937203526497,0.03140469640493393,0.050211526453495026,0.3733559846878052,0.30997273325920105,0.20597004890441895,0.04021383449435234
6,11,1.8301531787961722,0.9547140002250671,1.147947907447815,0.16685368120670319,0.0406499020755291,0.16002774238586426,0.11181613057851791,0.02140934020280838,0.03853654861450195,0.026881707832217216,0.029514655470848083,0.052846167236566544,0.28718987107276917,0.18503674864768982,0.2396688610315323,0.04918944090604782
6,12,1.996353554353118,0.9544175863265991,1.1477545499801636,0.11443264037370682,0.04877432435750961,0.15355893969535828,0.1380709558725357,0.025571849197149277,0.0433557890355587,0.026135774329304695,0.0282239131629467,0.04677495360374451,0.38619694113731384,0.2395806908607483,0.25296634435653687,0.07227601110935211
6,13,2.000457716733217,0.9557228684425354,1.1474173069000244,0.16779069602489471,0.03868008777499199,0.12644068896770477,0.09019070863723755,0.027340978384017944,0.04194672405719757,0.026508193463087082,0.03070666268467903,0.05647724121809006,0.39267557859420776,0.2427397072315216,0.22775448858737946,0.11057792603969574
6,14,2.2367190975695848,0.956784188747406,1.146462082862854,0.14975538849830627,0.03868097811937332,0.1543126404285431,0.12576733529567719,0.02386149764060974,0.026751769706606865,0.028386607766151428,0.033338431268930435,0.06384985893964767,0.4332687258720398,0.26924583315849304,0.23595739901065826,0.23289337754249573
7,0,32.15443339347839,0.9554615020751953,1.146030306816101,2.312213897705078,2.036806344985962,3.674565076828003,3.468082904815674,1.6180082559585571,2.062366247177124,1.2116880416870117,3.6991260051727295,1.819553256034851,4.681990146636963,2.2887344360351562,1.017878770828247,1.8431216478347778
7,1,3.6319664765149353,0.9520680904388428,1.1454869508743286,2.2275912761688232,0.03634258359670639,0.2778022289276123,0.17562657594680786,0.033810555934906006,0.026355311274528503,0.04740532860159874,0.05055283382534981,0.030001426115632057,0.18023191392421722,0.0326155424118042,0.05730094015598297,0.03681895136833191
7,2,1.661727500334382,0.9624265432357788,1.1445072889328003,0.053186383098363876,0.17059142887592316,0.15489599108695984,0.09281983226537704,0.029595820233225822,0.05870715156197548,0.031311605125665665,0.06206882372498512,0.2956486642360687,0.11109288781881332,0.0359719879925251,0.06515908986330032,0.07929106801748276
7,3,1.9771437931805849,0.9636586904525757,1.140271782875061,0.36194658279418945,0.14794562757015228,0.19177886843681335,0.0917782410979271,0.03978776931762695,0.0221229400485754,0.03130638599395752,0.03620235621929169,0.36321523785591125,0.07197380810976028,0.04624319449067116,0.048420071601867676,0.10363661497831345
7,4,2.153646222501993,0.9652912616729736,1.1414768695831299,0.4223097264766693,0.20827844738960266,0.18384049832820892,0.09965552389621735,0.06714783608913422,0.025310354307293892,0.030160898342728615,0.06733336299657822,0.33187851309776306,0.14898750185966492,0.06206349655985832,0.032107967883348465,0.05321846902370453
7,5,1.7599485889077187,0.9653207063674927,1.1418286561965942,0.4578333795070648,0.01987477019429207,0.19982393085956573,0.15248249471187592,0.06052480265498161,0.022723639383912086,0.03001834824681282,0.034503985196352005,0.0313875749707222,0.15784744918346405,0.08384296298027039,0.027034079656004906,0.06062129884958267
7,6,1.8353785414248707,0.9653207063674927,1.1436100006103516,0.5571402311325073,0.020484428852796555,0.2196992188692093,0.13644060492515564,0.06862766295671463,0.02361327037215233,0.02570401504635811,0.03415278345346451,0.030733730643987656,0.13137707114219666,0.06873499602079391,0.025914395228028297,0.07096999138593674
7,7,1.5726283587515355,0.9633243680000305,1.1430723667144775,0.40328606963157654,0.025523917749524117,0.2717466652393341,0.10290587693452835,0.05497821420431137,0.02353343553841114,0.025712307542562485,0.033571723848581314,0.02826579287648201,0.06447294354438782,0.03521450608968735,0.03413906693458557,0.047998491674661636
7,8,1.3314489379525185,0.9613584876060486,1.1438190937042236,0.2890697717666626,0.033897656947374344,0.14141367375850677,0.10821233689785004,0.0645405501127243,0.02205561473965645,0.025778716430068016,0.02647264115512371,0.025464195758104324,0.06002504751086235,0.04070677235722542,0.04029904305934906,0.032477401196956635
7,9,1.4648807980120182,0.9591468572616577,1.1447975635528564,0.4635429084300995,0.031111139804124832,0.09092850983142853,0.12409601360559464,0.04191163182258606,0.02325485274195671,0.027274763211607933,0.030092092230916023,0.026153597980737686,0.06525815278291702,0.04488310217857361,0.042087845504283905,0.03349730372428894
7,10,1.155837135016918,0.9598554968833923,1.1449613571166992,0.15537503361701965,0.03011503629386425,0.060559604316949844,0.08988878130912781,0.05915214866399765,0.023782504722476006,0.025049839168787003,0.025224952027201653,0.03625553846359253,0.05655909329652786,0.02687356434762478,0.03810475766658783,0.107932910323143
7,11,1.1931857518851756,0.9598466753959656,1.1436421871185303,0.17427626252174377,0.028458869084715843,0.06223813071846962,0.07945993542671204,0.05556165426969528,0.023447128012776375,0.02440796233713627,0.02892121486365795,0.025653528049588203,0.05037791281938553,0.029920803382992744,0.03630644455552101,0.1534581333398819
7,12,0.9692548159509897,0.9598460793495178,1.1438566446304321,0.04613187909126282,0.025455133989453316,0.06608220189809799,0.04797157272696495,0.026645613834261894,0.021753458306193352,0.022326042875647545,0.026169540360569954,0.025420034304261208,0.0648474246263504,0.024556022137403488,0.02361668087542057,0.12753866612911224
7,13,0.9753055315464736,0.961006224155426,1.1445482969284058,0.05397919565439224,0.02653355710208416,0.079937644302845,0.06009112298488617,0.027001764625310898,0.022095905616879463,0.02312149479985237,0.025498731061816216,0.02576606348156929,0.04776711016893387,0.027071133255958557,0.025585364550352097,0.10974553972482681
7,14,1.004470333084464,0.9609503746032715,1.144888997077942,0.04793064668774605,0.02872827835381031,0.07102852314710617,0.0632537230849266,0.025453835725784302,0.02354312501847744,0.02531609684228897,0.02490845136344433,0.023168498650193214,0.06006975471973419,0.025779712945222855,0.021583160385489464,0.1425386518239975
7,15,1.0020812127739191,0.9615537524223328,1.1453529596328735,0.04942004382610321,0.025235027074813843,0.06431706249713898,0.057000722736120224,0.023473670706152916,0.02332543395459652,0.024615924805402756,0.026227861642837524,0.02734680473804474,0.05377155914902687,0.02378273382782936,0.023242337629199028,0.15894068777561188
7,16,0.8971515350043774,0.9628451466560364,1.1450657844543457,0.0518505722284317,0.02596915513277054,0.0666857585310936,0.04992949962615967,0.02060757577419281,0.02143958769738674,0.02352679893374443,0.02500895783305168,0.02652077190577984,0.05237792059779167,0.024071544408798218,0.02563384920358658,0.061947356909513474
7,17,0.9054063811898232,0.9622107148170471,1.1449952125549316,0.05050411447882652,0.028444752097129822,0.07076720148324966,0.05624872446060181,0.021386494860053062,0.023406552150845528,0.02681047096848488,0.022762876003980637,0.023746183142066002,0.04830264672636986,0.024332469329237938,0.0256020687520504,0.06165064126253128
7,18,0.9082914803177118,0.961652398109436,1.1444822549819946,0.052261438220739365,0.02837434969842434,0.05325043573975563,0.05840067192912102,0.022195128723978996,0.023243391886353493,0.024168208241462708,0.02289658412337303,0.027014439925551414,0.06073274463415146,0.023220982402563095,0.022827396169304848,0.0684787780046463
7,19,0.9566977467387915,0.9626997113227844,1.145065188407898,0.05286487564444542,0.02749660797417164,0.05487705394625664,0.09770652651786804,0.021052809432148933,0.021305829286575317,0.023597702383995056,0.02494572103023529,0.026310130953788757,0.07518401741981506,0.025536512956023216,0.02633346989750862,0.057933509349823
7,20,0.9468203376978637,0.9623810052871704,1.1451807022094727,0.04413455352187157,0.02342151291668415,0.05904228240251541,0.08399585634469986,0.02226175367832184,0.024098258465528488,0.025681544095277786,0.027446676045656204,0.025857066735625267,0.09130248427391052,0.021160786971449852,0.02309790998697281,0.05380731076002121
7,21,0.9538384560495615,0.9621617794036865,1.1452386379241943,0.03878229856491089,0.02823467366397381,0.05654425173997879,0.10034961998462677,0.022071251645684242,0.020208366215229034,0.026657458394765854,0.025670696049928665,0.02672220580279827,0.08737360686063766,0.02048993483185768,0.02635236084461212,0.05290164798498154
7,22,0.9642430648207665,0.962030291557312,1.1445643901824951,0.04983077943325043,0.027133295312523842,0.061509162187576294,0.07710091769695282,0.024124164134263992,0.024213211610913277,0.026540447026491165,0.02425023727118969,0.03017689846456051,0.08374769985675812,0.025325844064354897,0.02199089340865612,0.06698057800531387
8,0,30.999316596984862,0.9554615020751953,1.146030306816101,1.392894983291626,1.421090841293335,4.387364864349365,3.529179573059082,2.0284693241119385,1.5523953437805176,1.6622188091278076,3.932321786880493,2.3564014434814453,3.6605725288391113,1.9700098037719727,1.2122414112091064,1.4738575220108032
8,1,6.492252120375634,0.9524195790290833,1.1431525945663452,0.044824156910181046,0.16721540689468384,2.0527708530426025,0.11026293784379959,0.035724055022001266,0.4680407643318176,0.03781566768884659,0.04470730572938919,2.2725753784179688,0.09911500662565231,0.4315507113933563,0.0331827849149704,0.2753526568412781
8,2,1.7313444521278143,0.9521127939224243,1.1478071212768555,0.08579426258802414,0.04279184713959694,0.3102390468120575,0.07406225800514221,0.03794875741004944,0.13520224392414093,0.027999887242913246,0.05207664519548416,0.09824157506227493,0.29483240842819214,0.031247727572917938,0.04322033375501633,0.07770347595214844
8,3,1.4930526092648506,0.9520778656005859,1.1498525142669678,0.11997368186712265,0.07655686140060425,0.14498496055603027,0.12735193967819214,0.03581925109028816,0.02792644314467907,0.028938213363289833,0.05085305869579315,0.15205858647823334,0.16892500221729279,0.030041415244340897,0.037315480411052704,0.07192163914442062
8,4,1.621863029897213,0.9521260261535645,1.1431059837341309,0.16491825878620148,0.06399442255496979,0.10238566249608994,0.09386330097913742,0.03125215694308281,0.03327232971787453,0.028135821223258972,0.03810830041766167,0.1850174069404602,0.23580516874790192,0.03001323714852333,0.043821610510349274,0.1522289514541626
8,5,1.480297863483429,0.952126681804657,1.146240234375,0.22965008020401,0.06859077513217926,0.08537378162145615,0.09925314038991928,0.0325450673699379,0.0265940111130476,0.028244340792298317,0.028800973668694496,0.04376520588994026,0.21452754735946655,0.02408483438193798,0.03309536352753639,0.14609935879707336
8,6,1.5488810762763023,0.9521915316581726,1.1458207368850708,0.2581021189689636,0.06561373919248581,0.13481749594211578,0.05519675463438034,0.02544795721769333,0.025102293118834496,0.024390384554862976,0.03089660219848156,0.04113604873418808,0.1913001984357834,0.023591239005327225,0.02987605333328247,0.22380773723125458
8,7,1.8707224171608687,0.9533494710922241,1.1450843811035156,0.38862040638923645,0.07855893671512604,0.12433665245771408,0.09709995985031128,0.024259233847260475,0.02497894875705242,0.02378099225461483,0.0336429588496685,0.05753093212842941,0.2918885052204132,0.03363599255681038,0.028378456830978394,0.24432367086410522
8,8,1.7279004473239183,0.9537510871887207,1.1451019048690796,0.3986548185348511,0.08040028065443039,0.07348829507827759,0.06202992424368858,0.025414349511265755,0.02571214735507965,0.02310734987258911,0.02781347744166851,0.060360729694366455,0.23636603355407715,0.03548050299286842,0.025427991524338722,0.23387394845485687
8,9,1.715346546843648,0.953651487827301,1.1443232297897339,0.36286798119544983,0.08936339616775513,0.04559751972556114,0.05670243129134178,0.02505425177514553,0.02738621085882187,0.024190712720155716,0.027090145274996758,0.06982136517763138,0.27921149134635925,0.03247153013944626,0.022268855944275856,0.23372571170330048
8,10,1.9865764174610376,0.9539785385131836,1.1460808515548706,0.5056234002113342,0.10182462632656097,0.055575598031282425,0.054780177772045135,0.024040229618549347,0.024708304554224014,0.025792833417654037,0.031178005039691925,0.029934408143162727,0.43608415126800537,0.03108375146985054,0.023556850850582123,0.22238220274448395
8,11,1.5053221981972456,0.9541218280792236,1.1460577249526978,0.028051042929291725,0.10841580480337143,0.05381002277135849,0.0627669245004654,0.023960543796420097,0.02492685802280903,0.024002404883503914,0.028428982943296432,0.022300660610198975,0.4650903344154358,0.025635164231061935,0.02689349092543125,0.19100405275821686
9,0,29.565354585647583,0.953260600566864,1.1418298482894897,0.7998401522636414,1.138586163520813,3.4440786838531494,3.632582664489746,1.9438477754592896,1.8931373357772827,1.7181603908538818,3.9702632427215576,2.078004837036133,3.546982765197754,1.786415696144104,0.8813967704772949,2.313040018081665
9,1,5.082764156162739,0.9528746604919434,1.1495027542114258,0.03819068893790245,0.07379063218832016,1.4284559488296509,0.04038641229271889,0.03432917967438698,0.06962659955024719,0.02999819815158844,0.0417688824236393,2.1101253032684326,0.44207140803337097,0.08733019977807999,0.11031217873096466,0.15590304136276245
9,2,2.612415052577853,0.9612292647361755,1.1457297801971436,0.054848168045282364,0.09162488579750061,0.5478689074516296,0.041731808334589005,0.026635169982910156,0.10004319995641708,0.029616519808769226,0.03845831751823425,0.02954423986375332,0.762136697769165,0.041742198169231415,0.15270352363586426,0.274069607257843
9,3,1.803878289833665,0.9624329805374146,1.1404078006744385,0.08278171718120575,0.2364177405834198,0.12474022805690765,0.17299379408359528,0.030326904729008675,0.0467841774225235,0.03242290019989014,0.03810873255133629,0.022559549659490585,0.1403602957725525,0.05233975499868393,0.11716843396425247,0.28630590438842773
9,4,2.058167788758874,0.9622968435287476,1.1423784494400024,0.1354566067457199,0.2945973873138428,0.1348625123500824,0.052898306399583817,0.04023316875100136,0.06991156935691833,0.036994051188230515,0.024253597483038902,0.05573154240846634,0.4612787961959839,0.06298916041851044,0.055037640035152435,0.21298839151859283
9,5,1.8979211863130332,0.9613248705863953,1.143908977508545,0.17754481732845306,0.35763415694236755,0.1429411917924881,0.041892874985933304,0.024328293278813362,0.03273148089647293,0.038380641490221024,0.02999977581202984,0.02680874429643154,0.25410670042037964,0.07602284103631973,0.053022630512714386,0.2214602679014206
9,6,1.582487742975354,0.958767294883728,1.1446038484573364,0.040803708136081696,0.46744871139526367,0.1129646822810173,0.040909092873334885,0.02684382162988186,0.0377192422747612,0.040651753544807434,0.028590310364961624,0.03223937749862671,0.11306112259626389,0.06571263819932938,0.032253388315439224,0.12261566519737244
9,7,1.684861432760954,0.9597023725509644,1.1456022262573242,0.05392852798104286,0.35102182626724243,0.1220976710319519,0.0410146601498127,0.028992850333452225,0.03586973622441292,0.03759770840406418,0.03917408734560013,0.033118125051259995,0.2655521631240845,0.06737282127141953,0.02912203222513199,0.15893830358982086
9,8,1.2776954032480718,0.959698498249054,1.1452473402023315,0.03701050207018852,0.08082348853349686,0.09872868657112122,0.051395125687122345,0.021838344633579254,0.04021547734737396,0.02852562442421913,0.03754282370209694,0.04502871632575989,0.1907384842634201,0.04036295413970947,0.045560918748378754,0.13893508911132812
9,9,1.355541954934597,0.9584916830062866,1.145963191986084,0.037140388041734695,0.052575889974832535,0.08228804171085358,0.06386888027191162,0.023805204778909683,0.04066839441657066,0.028010427951812744,0.029586832970380783,0.05411006137728691,0.15970173478126526,0.18783342838287354,0.04387489706277847,0.13118679821491241
9,10,1.3965589750558138,0.9579283595085144,1.144369125366211,0.03430959954857826,0.035146843641996384,0.05356951057910919,0.033066973090171814,0.02352030761539936,0.03208639472723007,0.029786616563796997,0.03583876043558121,0.06743602454662323,0.20282064378261566,0.07719466090202332,0.05037583410739899,0.30094730854034424
9,11,1.4192378722131251,0.9579299092292786,1.1435753107070923,0.024560073390603065,0.028817063197493553,0.04748458415269852,0.04145330190658569,0.025757383555173874,0.0316154882311821,0.03302742540836334,0.03036145493388176,0.04088679701089859,0.23022401332855225,0.047529347240924835,0.0255826897919178,0.3916372060775757
9,12,1.5752366598695517,0.9572895169258118,1.1427158117294312,0.024132903665304184,0.025304950773715973,0.050866562873125076,0.054225798696279526,0.02597036585211754,0.02963419444859028,0.028380436822772026,0.030820226296782494,0.04605301842093468,0.22648611664772034,0.06383746862411499,0.026870865374803543,0.5226526856422424
9,13,1.8306066188961267,0.9570670127868652,1.1428332328796387,0.026119261980056763,0.028840968385338783,0.05112375319004059,0.04272511973977089,0.022540397942066193,0.0422457680106163,0.02784535102546215,0.03018517978489399,0.042393721640110016,0.20057888329029083,0.0719946101307869,0.02559923753142357,0.798434317111969
9,14,1.886421601846814,0.9563100934028625,1.1427018642425537,0.023834720253944397,0.026631472632288933,0.06906077265739441,0.03410997614264488,0.024600189179182053,0.04579200595617294,0.025244316086173058,0.03201678395271301,0.039645079523324966,0.20934709906578064,0.08074335753917694,0.02502005733549595,0.8305733799934387
10,0,31.304944002628325,0.9554615020751953,1.146030306816101,1.226317048072815,1.4393320083618164,4.177518844604492,3.3824141025543213,2.0781118869781494,1.7321196794509888,2.3685574531555176,4.1721577644348145,1.6068298816680908,3.692725419998169,2.6595821380615234,0.9656684994697571,1.3833109140396118
10,1,5.227673834934831,0.9653321504592896,1.143757700920105,0.059337515383958817,0.11621446162462234,2.5071773529052734,0.04689042270183563,0.032901182770729065,0.03071792982518673,0.034418657422065735,0.047296665608882904,1.6154590845108032,0.1663459986448288,0.027480926364660263,0.0800374373793602,0.041578229516744614
10,2,3.7746133975684644,0.9556218385696411,1.1450620889663696,0.038290780037641525,0.17860382795333862,0.456307977437973,0.05697247385978699,0.049575526267290115,0.025412164628505707,0.05358029901981354,0.0536465160548687,1.6852333545684814,0.1245320737361908,0.08236107975244522,0.06617923080921173,0.4837813079357147
10,3,1.9006492845714091,0.9585734009742737,1.1422117948532104,0.1108090803027153,0.2204281985759735,0.1460641324520111,0.04666478559374809,0.06575091183185577,0.02576020359992981,0.04621192440390587,0.05154856666922569,0.05264762043952942,0.08264356851577759,0.1443924903869629,0.11249735951423645,0.3750734031200409
10,4,3.0180781573057174,0.9586646556854248,1.1446659564971924,0.0711921900510788,0.13162639737129211,0.06146354228258133,0.05031592771410942,0.059305887669324875,0.025075763463974,0.03556014969944954,0.04581617936491966,0.08218981325626373,0.1413358747959137,0.12586264312267303,0.043856874108314514,1.7238107919692993
10,5,1.6082529596984387,0.9560994505882263,1.1428204774856567,0.07463708519935608,0.12868690490722656,0.05435912311077118,0.05245913937687874,0.05679132416844368,0.02017352357506752,0.03624606505036354,0.047842323780059814,0.08842925727367401,0.06466606259346008,0.120134137570858,0.04348394647240639,0.40056008100509644
10,6,1.5621526561677457,0.9561516046524048,1.1431137323379517,0.0906696692109108,0.04944677650928497,0.04600946977734566,0.07278230786323547,0.02923601120710373,0.021406013518571854,0.03149085119366646,0.03756715729832649,0.058281563222408295,0.06201472133398056,0.12359537929296494,0.037793178111314774,0.4820064902305603
10,7,1.6356433439999818,0.9560672044754028,1.1447683572769165,0.03268449753522873,0.06731267273426056,0.03028944320976734,0.11798402667045593,0.10969537496566772,0.022519920021295547,0.03513618931174278,0.04600959271192551,0.07077839970588684,0.09768622368574142,0.08052583783864975,0.06765255331993103,0.43720149993896484
10,8,1.7145770866423846,0.9571197032928467,1.1457982063293457,0.02605200745165348,0.07855783402919769,0.03143175318837166,0.1718398928642273,0.11260553449392319,0.023807886987924576,0.032488368451595306,0.047862373292446136,0.08882579952478409,0.07341201603412628,0.08330956101417542,0.07583166658878326,0.44796881079673767
10,9,1.4712883949279785,0.9558780789375305,1.1481385231018066,0.0368134006857872,0.09859814494848251,0.029747413471341133,0.2613832652568817,0.1314464658498764,0.02089248038828373,0.035633694380521774,0.04559393227100372,0.08664775639772415,0.08018656820058823,0.06464531272649765,0.07398524880409241,0.08491139113903046
10,10,1.2298398785293103,0.9549442529678345,1.146726131439209,0.033621110022068024,0.041364993900060654,0.03472074121236801,0.18993045389652252,0.03777248039841652,0.024389339610934258,0.025163307785987854,0.029724175110459328,0.05615970119833946,0.07637602835893631,0.1095687672495842,0.05944263935089111,0.09127206355333328
10,11,1.116961582005024,0.9556891918182373,1.1467602252960205,0.03071252442896366,0.05200573429465294,0.03764752298593521,0.1973189115524292,0.04083513841032982,0.02321602962911129,0.026265764608979225,0.031392961740493774,0.03416544944047928,0.07686211168766022,0.026940954849123955,0.03485534340143204,0.08425325155258179
10,12,1.1149278350174427,0.9549041986465454,1.147119402885437,0.030991535633802414,0.06492062658071518,0.03780382126569748,0.15549609065055847,0.03661804273724556,0.02321832813322544,0.025961177423596382,0.04277404770255089,0.03293376415967941,0.0823526605963707,0.025485917925834656,0.0293196402490139,0.10664746165275574
10,13,1.1075277477502823,0.9554080963134766,1.1462844610214233,0.026220714673399925,0.027320072054862976,0.03731909021735191,0.14979037642478943,0.041532061994075775,0.021545741707086563,0.028357213363051414,0.02556545101106167,0.028371667489409447,0.07170712947845459,0.03126732259988785,0.08355323225259781,0.11463916301727295
10,14,1.0030059434473515,0.9562554359436035,1.147128939628601,0.027796994894742966,0.02807261236011982,0.03387919440865517,0.04907137155532837,0.040931787341833115,0.022332103922963142,0.028468940407037735,0.027765801176428795,0.028853053227066994,0.07322972267866135,0.03176584094762802,0.0818510428071022,0.10831060260534286
10,15,0.9406984955072403,0.9563326835632324,1.1470608711242676,0.025535451248288155,0.02900499477982521,0.03531055524945259,0.028986867517232895,0.0308824609965086,0.02396778017282486,0.025326242670416832,0.026330525055527687,0.02845027483999729,0.08774155378341675,0.025876956060528755,0.04739806056022644,0.10520806163549423
10,16,0.9806593872606755,0.9565257430076599,1.1483937501907349,0.021935204043984413,0.028103716671466827,0.03484467417001724,0.027464624494314194,0.03109934739768505,0.0215566698461771,0.027981972321867943,0.03278970718383789,0.03248872607946396,0.06928625702857971,0.039023466408252716,0.06913670897483826,0.12396441400051117
10,17,0.9621814414858818,0.9564885497093201,1.1486971378326416,0.023649506270885468,0.030717354267835617,0.03492790460586548,0.024024246260523796,0.02990163303911686,0.021508535370230675,0.023720214143395424,0.027047932147979736,0.028149310499429703,0.06972636282444,0.04458177089691162,0.05734219402074814,0.12584733963012695
10,18,0.9550632119178772,0.9563889503479004,1.1494815349578857,0.022553447633981705,0.03547551482915878,0.038091570138931274,0.025858264416456223,0.02910325862467289,0.022729026153683662,0.026360629126429558,0.025251014158129692,0.025728851556777954,0.059003252536058426,0.04005968198180199,0.07345420867204666,0.11022039502859116
10,19,0.9940620996057987,0.9564683437347412,1.1489536762237549,0.022562965750694275,0.035526104271411896,0.03690215200185776,0.02550307847559452,0.02638004906475544,0.023221544921398163,0.02454291470348835,0.03011007234454155,0.027102703228592873,0.06094639375805855,0.05635355785489082,0.08794090896844864,0.11588525027036667
10,20,1.0227747067809105,0.9556540250778198,1.1490428447723389,0.027919132262468338,0.036492720246315,0.03808850795030594,0.02954685129225254,0.02961134724318981,0.02139534242451191,0.02752668969333172,0.025703314691781998,0.027029357850551605,0.07007884979248047,0.05909246951341629,0.07659575343132019,0.13275499641895294
10,21,0.9550716042518616,0.9555198550224304,1.148863434791565,0.028516292572021484,0.03268362954258919,0.03814900666475296,0.028898345306515694,0.027486605569720268,0.023234432563185692,0.025356553494930267,0.026970835402607918,0.025472348555922508,0.09040188789367676,0.029901759698987007,0.05210547521710396,0.1050177738070488
11,0,31.175940418243407,0.9554615020751953,1.146030306816101,1.0256437063217163,1.3525340557098389,3.404731512069702,3.1220450401306152,2.221027374267578,2.298171281814575,1.4599214792251587,3.827091932296753,3.2336533069610596,3.519785165786743,1.725908637046814,1.4874889850616455,2.077639579772949
11,1,4.162169597670436,0.9701960682868958,1.146030306816101,0.03965536504983902,0.030053509399294853,0.356557697057724,0.1371246725320816,0.06580100953578949,0.09175655990839005,0.4227615296840668,1.0746899843215942,0.13895602524280548,0.5850121378898621,0.291366308927536,0.19305483996868134,0.31213468313217163
11,2,1.803617697581649,0.9700307250022888,1.146030306816101,0.025851238518953323,0.03751605376601219,0.21280549466609955,0.031727809458971024,0.02104463428258896,0.02476101741194725,0.0306817926466465,0.04109738767147064,0.03855318948626518,0.7124216556549072,0.023831984028220177,0.037813492119312286,0.14229974150657654
11,3,1.7752446234226227,0.9598405361175537,1.1445807218551636,0.032505810260772705,0.03877405822277069,0.1583215594291687,0.028074700385332108,0.02720462903380394,0.024244265630841255,0.022936811670660973,0.03122517466545105,0.06913295388221741,0.7712003588676453,0.023819129914045334,0.04145447537302971,0.08546644449234009
11,4,1.2742387358099223,0.9565719962120056,1.143855333328247,0.03785501420497894,0.052283160388469696,0.22896312177181244,0.06559183448553085,0.02733757346868515,0.025091346353292465,0.025178423151373863,0.028122365474700928,0.0784788504242897,0.15289397537708282,0.024330519139766693,0.04798506200313568,0.06004202365875244
11,5,1.2327436998486518,0.9562826156616211,1.14695405960083,0.0361081026494503,0.05946402624249458,0.2241469919681549,0.03831414133310318,0.029125500470399857,0.02452753111720085,0.02412528172135353,0.02378595434129238,0.10170715302228928,0.12060517817735672,0.02310425601899624,0.0527995303273201,0.054282717406749725
11,6,1.209974366426468,0.9556733965873718,1.1532866954803467,0.038579508662223816,0.05742676183581352,0.2572683095932007,0.03391212597489357,0.02727050520479679,0.022004136815667152,0.02430490031838417,0.027973543852567673,0.08260952681303024,0.10433666408061981,0.02321603149175644,0.03733647242188454,0.051943860948085785
11,7,1.1559216853231191,0.9562891721725464,1.1507806777954102,0.038731202483177185,0.07578574866056442,0.17019116878509521,0.05104556307196617,0.03144358843564987,0.02697649411857128,0.02444932982325554,0.02372901700437069,0.10514901578426361,0.07777529209852219,0.027271511033177376,0.03574691712856293,0.04621286690235138
11,8,1.3003174606710672,0.9564230442047119,1.150566577911377,0.0443803071975708,0.11089840531349182,0.19646400213241577,0.06756999343633652,0.021043114364147186,0.02462337724864483,0.028745941817760468,0.02276996150612831,0.17195598781108856,0.08757191151380539,0.03392890840768814,0.03530063107609749,0.03366699442267418
11,9,1.2576308250427246,0.9565540552139282,1.1487690210342407,0.04362668842077255,0.08774745464324951,0.11750755459070206,0.10082307457923889,0.022785484790802002,0.023479323834180832,0.02763519249856472,0.022135047242045403,0.17572511732578278,0.0919577106833458,0.044086311012506485,0.03815539926290512,0.040901850908994675
11,10,1.2948512151837348,0.9578611850738525,1.148680329322815,0.046421248465776443,0.11068402975797653,0.12361466139554977,0.12220608443021774,0.021065453067421913,0.026224859058856964,0.026373298838734627,0.02350601926445961,0.17900849878787994,0.08355212211608887,0.040488891303539276,0.032297682017087936,0.03810006380081177
11,11,1.285477701947093,0.9573873281478882,1.1496117115020752,0.04475271329283714,0.1153549775481224,0.07287653535604477,0.13449491560459137,0.023324327543377876,0.022932209074497223,0.026538724079728127,0.022951742634177208,0.19274574518203735,0.08169367909431458,0.04792100936174393,0.03175363689661026,0.0467376783490181
11,12,1.3779126923531293,0.9562875032424927,1.1492401361465454,0.038029976189136505,0.15252737700939178,0.09570224583148956,0.16651412844657898,0.023639854043722153,0.024408619850873947,0.02296897955238819,0.023697249591350555,0.20705434679985046,0.07026057690382004,0.05599599704146385,0.03097156435251236,0.04503624886274338
11,13,0.9805106360465288,0.9555836319923401,1.1486403942108154,0.04176047816872597,0.04168948531150818,0.08538082987070084,0.05661953240633011,0.0327887199819088,0.022606346756219864,0.03392064571380615,0.02221575193107128,0.0554361417889595,0.05762597173452377,0.024291876703500748,0.03770817071199417,0.04762187972664833
11,14,0.954784505441785,0.9560098648071289,1.148735523223877,0.041687216609716415,0.04319901019334793,0.07604220509529114,0.055215902626514435,0.030401356518268585,0.02414848282933235,0.02764214016497135,0.02152620255947113,0.05133593827486038,0.05805756524205208,0.024477805942296982,0.033586397767066956,0.04651520401239395
11,15,0.9374925319105387,0.9567008018493652,1.1474226713180542,0.047585103660821915,0.039615459740161896,0.032445233315229416,0.051788393408060074,0.037369124591350555,0.023069949820637703,0.029996834695339203,0.02380998618900776,0.048763908445835114,0.06747911125421524,0.02359910123050213,0.033503737300634384,0.0576418936252594
11,16,0.9506169766187668,0.9562671184539795,1.147355318069458,0.04156893119215965,0.03482591360807419,0.03393539786338806,0.05036371573805809,0.041291456669569016,0.027083732187747955,0.026148129254579544,0.024840185418725014,0.049076247960329056,0.0849277451634407,0.022852784022688866,0.0325055867433548,0.06047266349196434
11,17,0.9633210610598326,0.9564553499221802,1.1482200622558594,0.04233797639608383,0.04712359607219696,0.038736000657081604,0.050733353942632675,0.04194625839591026,0.024530233815312386,0.024951109662652016,0.02073206566274166,0.0466228611767292,0.08820821344852448,0.023945607244968414,0.035248495638370514,0.05727020651102066
11,18,0.9553777907043696,0.9567258954048157,1.148797869682312,0.04063168540596962,0.04641260206699371,0.03711094707250595,0.05157715082168579,0.03866906091570854,0.02461070753633976,0.022892868146300316,0.02206462062895298,0.04958673566579819,0.08199848979711533,0.02088232710957527,0.03775356337428093,0.06008227914571762
11,19,0.959298949688673,0.9570204019546509,1.1484266519546509,0.03701949492096901,0.042227454483509064,0.03910594433546066,0.06131245568394661,0.046457502990961075,0.022984322160482407,0.02415277808904648,0.021719474345445633,0.03551143780350685,0.10172657668590546,0.022137463092803955,0.032447993755340576,0.05140664055943489
11,20,0.9162084229290486,0.9569330811500549,1.148470401763916,0.036274414509534836,0.039639297872781754,0.045112475752830505,0.040596380829811096,0.02217387594282627,0.023578708991408348,0.026462949812412262,0.024957871064543724,0.02388879284262657,0.09763464331626892,0.02449893206357956,0.030680475756525993,0.05962890759110451
11,21,0.953542910143733,0.9569388628005981,1.1497927904129028,0.03564927726984024,0.04991493001580238,0.043245382606983185,0.041182734072208405,0.023921826854348183,0.024202054366469383,0.02565610222518444,0.026392031461000443,0.02483581006526947,0.12557905912399292,0.020594872534275055,0.029323559254407883,0.06169893965125084
11,22,0.9532068900763988,0.9560315608978271,1.1495112180709839,0.03313446789979935,0.035956475883722305,0.055988144129514694,0.04118172451853752,0.022781511768698692,0.022283587604761124,0.0241928081959486,0.024610884487628937,0.02634461782872677,0.1294594705104828,0.024798771366477013,0.028761547058820724,0.06260432302951813
11,23,0.9403484992682934,0.956419050693512,1.1487044095993042,0.036803215742111206,0.05002832040190697,0.03720666468143463,0.042042508721351624,0.023022469133138657,0.02268451824784279,0.0243623498827219,0.02424471452832222,0.02529016137123108,0.1132621318101883,0.027333583682775497,0.027607550844550133,0.06543561816215515
11,24,0.8917761147022247,0.9566482305526733,1.1479268074035645,0.03689955174922943,0.03985379636287689,0.04756974056363106,0.04937945306301117,0.021095413714647293,0.02300950326025486,0.025229722261428833,0.02393016777932644,0.02681795135140419,0.061853013932704926,0.023341739550232887,0.0256583783775568,0.0662226751446724
12,0,32.62520794868469,0.952568769454956,1.147818684577942,1.4050043821334839,2.045562267303467,4.23780632019043,3.41925311088562,1.7331621646881104,2.541733503341675,1.7728439569473267,3.828054428100586,1.6947784423828125,3.8072621822357178,2.8196704387664795,0.9952660799026489,1.9047331809997559
12,1,6.1649283863604065,0.9577347040176392,1.140201449394226,0.06961950659751892,1.964168667793274,0.48890966176986694,2.2612240314483643,0.05821526050567627,0.05755770578980446,0.03711090236902237,0.02989806979894638,0.14554275572299957,0.07756877690553665,0.3620404005050659,0.06696344166994095,0.1265219748020172
12,2,3.5794093504548075,0.9531890749931335,1.1415613889694214,0.16854311525821686,0.05848177894949913,0.27831652760505676,1.349828839302063,0.06014496460556984,0.027638133615255356,0.040057264268398285,0.0321817584335804,0.12035960704088211,0.05918470770120621,0.6903771758079529,0.1278933733701706,0.14745201170444489
12,3,2.6050639636814594,0.9566637277603149,1.141584873199463,0.1369677186012268,0.08576547354459763,0.23444515466690063,0.5946618914604187,0.06525541096925735,0.02478877082467079,0.033411357551813126,0.02995118498802185,0.21791741251945496,0.03673988953232765,0.4480801820755005,0.0769922211766243,0.20043757557868958
12,4,2.4665295615792275,0.9540046453475952,1.1452136039733887,0.20461682975292206,0.08692150563001633,0.1967693418264389,0.04667215421795845,0.08333098888397217,0.023102285340428352,0.03023655340075493,0.030104001984000206,0.19561880826950073,0.259177565574646,0.5333343148231506,0.10586004704236984,0.25094151496887207
12,5,2.173406108468771,0.9608057737350464,1.142542839050293,0.08828769624233246,0.1065594032406807,0.11851678788661957,0.03896734490990639,0.0407484769821167,0.023196568712592125,0.03257041051983833,0.02507990412414074,0.2319086343050003,0.309401273727417,0.2647808790206909,0.09668012708425522,0.37603887915611267
12,6,2.3280110955238342,0.9606199264526367,1.1448974609375,0.07989247143268585,0.11576249450445175,0.07214584201574326,0.08167726546525955,0.04955689236521721,0.02486942894756794,0.028140738606452942,0.02679278887808323,0.19369764626026154,0.34300535917282104,0.35341840982437134,0.08369085192680359,0.45425742864608765
12,7,2.174471456184983,0.9587076306343079,1.1424036026000977,0.0505790077149868,0.08233026415109634,0.05322806537151337,0.12372969090938568,0.05761992558836937,0.02600334957242012,0.027533328160643578,0.028698213398456573,0.13256418704986572,0.42753034830093384,0.3089632987976074,0.06250729411840439,0.37296223640441895
12,8,1.4575649321079256,0.9576300978660583,1.1423989534378052,0.06274466961622238,0.02783852629363537,0.06227581202983856,0.18998031318187714,0.06151317432522774,0.02284153364598751,0.028902610763907433,0.03300149738788605,0.04710131883621216,0.12012515962123871,0.14350368082523346,0.028394589200615883,0.20933623611927032
12,9,1.611576486006379,0.9580676555633545,1.142135500907898,0.04416579753160477,0.03119990974664688,0.08108935505151749,0.04869585484266281,0.3357030153274536,0.027827894315123558,0.024818630889058113,0.0282119233161211,0.05439234897494316,0.11223021149635315,0.0889042466878891,0.033840689808130264,0.28045597672462463
12,10,1.2097588520497085,0.9555917978286743,1.1436294317245483,0.06981547176837921,0.03126118704676628,0.07183139026165009,0.0433526374399662,0.03864382579922676,0.02791578508913517,0.028081607073545456,0.025156386196613312,0.08011267334222794,0.07365991920232773,0.044514842331409454,0.03551565483212471,0.22005322575569153
12,11,1.279397826641798,0.9552415013313293,1.1436481475830078,0.05809754505753517,0.025708042085170746,0.09580568224191666,0.040688104927539825,0.03992548957467079,0.031413231045007706,0.027909446507692337,0.025008682161569595,0.109135203063488,0.08419562131166458,0.052755553275346756,0.037732210010290146,0.23124508559703827
12,12,1.3270864289253952,0.9553095102310181,1.1441738605499268,0.05940694361925125,0.02659166231751442,0.05064360424876213,0.055173035711050034,0.0496874563395977,0.032011356204748154,0.02717450261116028,0.027777129784226418,0.0920497253537178,0.0749998614192009,0.04490869864821434,0.04181624576449394,0.3249495327472687
12,13,1.2551042933017016,0.9543851613998413,1.1443828344345093,0.05672786757349968,0.028948333114385605,0.08030262589454651,0.04595175385475159,0.05538267269730568,0.028937198221683502,0.028270212933421135,0.028896287083625793,0.10561300814151764,0.10968099534511566,0.046854712069034576,0.03855212777853012,0.18123289942741394
12,14,1.2838722553104163,0.9546235203742981,1.1442687511444092,0.05514731630682945,0.028295543044805527,0.1000625416636467,0.046985313296318054,0.052499376237392426,0.03140447288751602,0.026870710775256157,0.02883831411600113,0.09649288654327393,0.1164533793926239,0.04084252938628197,0.04997028782963753,0.19023112952709198
12,15,1.2629325427114964,0.9546268582344055,1.1458131074905396,0.05314264073967934,0.022324465215206146,0.10365325212478638,0.05930821970105171,0.02804725430905819,0.03074030391871929,0.0242428258061409,0.02356141060590744,0.05006541311740875,0.1252066195011139,0.04679451137781143,0.04161340743303299,0.23414422571659088
12,16,1.2503050789237022,0.9545750617980957,1.1466054916381836,0.04553782567381859,0.02562345750629902,0.07880342751741409,0.0550578236579895,0.027622370049357414,0.02570071816444397,0.026019619777798653,0.02398628741502762,0.07819247990846634,0.15932610630989075,0.028656071051955223,0.04314541444182396,0.21239736676216125
13,0,33.333662712574004,0.9554615020751953,1.146030306816101,1.6480908393859863,1.613415002822876,3.597879648208618,4.1062703132629395,2.0373873710632324,2.6022958755493164,1.852198839187622,4.397685527801514,3.0735721588134766,3.8821663856506348,1.527614951133728,0.6669158339500427,1.9078716039657593
13,1,4.774941636621952,0.9524139165878296,1.1406221389770508,0.1824871003627777,1.754193902015686,0.22962749004364014,1.3066245317459106,0.2945108711719513,0.1275608390569687,0.030079852789640427,0.040157757699489594,0.0989793986082077,0.07797087728977203,0.10215945541858673,0.03556287661194801,0.07641947269439697
13,2,2.357800579071045,0.9526150226593018,1.1463606357574463,0.0686093345284462,0.026648906990885735,0.18778067827224731,0.0516350194811821,0.05284534767270088,0.028634142130613327,0.025772491469979286,0.0367920845746994,0.12396568059921265,1.1611748933792114,0.07595150172710419,0.03221523016691208,0.06598013639450073
13,3,1.9270671367645265,0.9526892304420471,1.1462956666946411,0.08553654700517654,0.03024599514901638,0.267109751701355,0.06513005495071411,0.05767107382416725,0.024997664615511894,0.027767691761255264,0.031178930774331093,0.106886126101017,0.5259586572647095,0.02285587228834629,0.031685516238212585,0.23024627566337585
13,4,2.366042673587799,0.9556585550308228,1.1433804035186768,0.097776398062706,0.02403908409178257,0.30993685126304626,0.04869267717003822,0.03524160757660866,0.026005065068602562,0.037182923406362534,0.028919417411088943,0.2927747070789337,0.7349421381950378,0.03072136640548706,0.02949371188879013,0.2505089342594147
13,5,2.2053307846188543,0.9557910561561584,1.1437997817993164,0.11356790363788605,0.027259208261966705,0.30874091386795044,0.04971842095255852,0.03588217869400978,0.026752490550279617,0.028126612305641174,0.026993388310074806,0.2543279826641083,0.6027663350105286,0.03741670399904251,0.024814972653985023,0.2490455061197281
13,6,1.4822652913630008,0.9561728239059448,1.1431678533554077,0.033798567950725555,0.03520261496305466,0.280120849609375,0.045748449862003326,0.03605730086565018,0.026535693556070328,0.029075156897306442,0.02603510580956936,0.02676374651491642,0.4146096706390381,0.03685341402888298,0.02433616667985916,0.04726041853427887
13,7,1.3574690725654364,0.9579933881759644,1.1425851583480835,0.03043254464864731,0.04348601773381233,0.18381167948246002,0.04517412185668945,0.02843104861676693,0.02263426035642624,0.027530189603567123,0.03261014074087143,0.031389497220516205,0.39183780550956726,0.03318265080451965,0.027207795530557632,0.039625611156225204
13,8,1.374151350557804,0.9583301544189453,1.143830418586731,0.035890575498342514,0.04394522309303284,0.29697224497795105,0.040666159242391586,0.022449804469943047,0.026287246495485306,0.023347413167357445,0.03054160624742508,0.03088674508035183,0.3050365746021271,0.034908752888441086,0.026661334559321404,0.036125555634498596
13,9,1.1151810307055712,0.95991051197052,1.1449822187423706,0.033614013344049454,0.05350307375192642,0.06866563856601715,0.03394943103194237,0.025579310953617096,0.02538285404443741,0.02485293708741665,0.031200988218188286,0.029729753732681274,0.274167001247406,0.027912825345993042,0.027398614212870598,0.038246043026447296
13,10,0.9567793790251017,0.9577946662902832,1.1464604139328003,0.03224937617778778,0.050112999975681305,0.07349667698144913,0.03792567923665047,0.026276325806975365,0.024946289137005806,0.026134377345442772,0.029066963121294975,0.028481917455792427,0.0970255583524704,0.037266556173563004,0.03398999944329262,0.03895564377307892
13,11,0.8943376213312149,0.956399142742157,1.1476722955703735,0.036144085228443146,0.028729794546961784,0.06825464218854904,0.035483140498399734,0.023333746939897537,0.024100694805383682,0.024314487352967262,0.03251805528998375,0.028872469440102577,0.0801476538181305,0.023792913183569908,0.03161695972084999,0.036214690655469894
13,12,0.8949483279138803,0.9563506841659546,1.148719072341919,0.032422833144664764,0.02883904241025448,0.06740803271532059,0.036266714334487915,0.027155909687280655,0.02445889264345169,0.026735588908195496,0.027914389967918396,0.029970327392220497,0.0755518227815628,0.024002667516469955,0.027754144743084908,0.045454010367393494
13,13,0.9184121485799551,0.9555590748786926,1.1484787464141846,0.03146462142467499,0.025235719978809357,0.0966629683971405,0.03006160818040371,0.023354025557637215,0.02530732750892639,0.024989508092403412,0.027378855273127556,0.02941078320145607,0.07396785169839859,0.024269238114356995,0.027292877435684204,0.05820919945836067
13,14,0.9014886297285557,0.9557864665985107,1.1489627361297607,0.033694908022880554,0.02629978209733963,0.047685377299785614,0.0400310680270195,0.02468823455274105,0.020944148302078247,0.024405356496572495,0.030272040516138077,0.03214103728532791,0.08763188123703003,0.020390918478369713,0.02933923900127411,0.06301479786634445
13,15,0.9014979545027018,0.9549065232276917,1.1489613056182861,0.033760249614715576,0.030237732455134392,0.04219657927751541,0.036716166883707047,0.025658905506134033,0.023042358458042145,0.025262894108891487,0.02623942494392395,0.031266044825315475,0.08677097409963608,0.022629264742136,0.025540566071867943,0.07140322774648666
13,16,0.9111740216612816,0.9546183943748474,1.1490211486816406,0.02764219231903553,0.0298348106443882,0.03956305608153343,0.03880121186375618,0.022534551098942757,0.021511618047952652,0.023377349600195885,0.02785269170999527,0.02933092787861824,0.08447152376174927,0.02591542713344097,0.03156648948788643,0.08804426342248917
13,17,0.8919498935341835,0.9540229439735413,1.1484299898147583,0.029395807534456253,0.03463445231318474,0.043010201305150986,0.04414833337068558,0.024912428110837936,0.023316947743296623,0.023690154775977135,0.021708954125642776,0.030968574807047844,0.07275290042161942,0.023908210918307304,0.026257414370775223,0.07275492697954178
13,18,0.9201683163642884,0.9538785219192505,1.1483384370803833,0.029873685911297798,0.029263708740472794,0.04283696785569191,0.03819498047232628,0.02371068485081196,0.02532198652625084,0.02556120976805687,0.027216659858822823,0.029654769226908684,0.09022147953510284,0.02467671036720276,0.02859453111886978,0.08459755033254623
13,19,0.9655240841209889,0.9538801312446594,1.147111415863037,0.028297875076532364,0.026795106008648872,0.04513029754161835,0.061189308762550354,0.02697693556547165,0.0241427943110466,0.024238407611846924,0.02608754113316536,0.030031511560082436,0.10383188724517822,0.02249462902545929,0.03602214157581329,0.09008733928203583
13,20,0.9685204777866603,0.9539345502853394,1.1469371318817139,0.03231372311711311,0.03162014111876488,0.04394282400608063,0.0955161303281784,0.02454598806798458,0.02271311543881893,0.024056676775217056,0.02477397583425045,0.02917782962322235,0.10570135712623596,0.02023259364068508,0.02403341792523861,0.0697183683514595
13,21,0.9703350394964219,0.9539294242858887,1.148086428642273,0.030829768627882004,0.030223388224840164,0.05014422908425331,0.08413048088550568,0.024730989709496498,0.022621143609285355,0.023157287389039993,0.02661462314426899,0.02812335267663002,0.11653962731361389,0.02224792167544365,0.028684046119451523,0.061885010451078415
13,22,0.9372675146907569,0.9539141654968262,1.1487300395965576,0.03775716945528984,0.03245203569531441,0.04188347980380058,0.04175626486539841,0.029933463782072067,0.021183405071496964,0.02455914579331875,0.02526511810719967,0.02799106016755104,0.10387083888053894,0.021586136892437935,0.030610524117946625,0.07789003103971481
13,23,0.9337389659136535,0.9539162516593933,1.1487462520599365,0.029586149379611015,0.03408347815275192,0.04655534401535988,0.03894634172320366,0.025798650458455086,0.022855529561638832,0.02661469206213951,0.022996552288532257,0.03220394253730774,0.11724117398262024,0.024186663329601288,0.02850308269262314,0.06363486498594284
14,0,32.56749307513237,0.9554615020751953,1.146030306816101,1.923736572265625,1.6390031576156616,3.1995959281921387,3.5953526496887207,2.134014368057251,2.5856101512908936,1.7203304767608643,3.7436633110046387,1.950993299484253,4.311545372009277,2.7042205333709717,0.4783773124217987,2.1607515811920166
14,1,5.842749895527959,0.9882405400276184,1.1438322067260742,0.031612273305654526,0.2810671031475067,1.5603365898132324,0.19837501645088196,0.1418449878692627,0.21115978062152863,0.028946228325366974,0.03869018331170082,0.027099261060357094,0.06921502947807312,2.7253453731536865,0.033780068159103394,0.06886345148086548
14,2,1.6256003066897393,0.9599993228912354,1.157918095588684,0.02166711539030075,0.03648839890956879,0.4999202489852905,0.17783382534980774,0.038795579224824905,0.026114700362086296,0.027657462283968925,0.05119647830724716,0.04217909276485443,0.07304559648036957,0.0369425043463707,0.06122507154941559,0.10895074903964996
14,3,1.5052772492170334,0.9576082229614258,1.1522307395935059,0.024853255599737167,0.05121109262108803,0.2878992557525635,0.18656039237976074,0.039146844297647476,0.02716783992946148,0.030037887394428253,0.03439047187566757,0.06053207442164421,0.03236553445458412,0.11713283509016037,0.025794675573706627,0.16621729731559753
14,4,1.2312982719391585,0.9565004706382751,1.1517404317855835,0.06030202656984329,0.029718173667788506,0.15545450150966644,0.09024824947118759,0.04583313688635826,0.030773289501667023,0.044501304626464844,0.04851547256112099,0.03229140862822533,0.06653974205255508,0.06962677091360092,0.033422935754060745,0.10242307931184769
14,5,1.1666224718093872,0.9571532011032104,1.1542367935180664,0.037701938301324844,0.02822069451212883,0.18973416090011597,0.06416696310043335,0.02123413234949112,0.028495844453573227,0.04636751860380173,0.03471783548593521,0.0386153981089592,0.06293696910142899,0.05562351644039154,0.04585733637213707,0.09067216515541077
14,6,1.078755945339799,0.9575374722480774,1.1519855260849,0.024798480793833733,0.031214484944939613,0.11580518633127213,0.05988291651010513,0.02260521799325943,0.032797060906887054,0.04272489622235298,0.02623889595270157,0.025614673271775246,0.07357778400182724,0.08437881618738174,0.026126381009817123,0.09108655154705048
14,7,1.31391898393631,0.9550490975379944,1.1500428915023804,0.04459131136536598,0.045328497886657715,0.17633652687072754,0.07296206802129745,0.039513107389211655,0.02245289273560047,0.036810122430324554,0.030582351610064507,0.02314893528819084,0.09626246243715286,0.09426217526197433,0.03581104055047035,0.1748390942811966
14,8,1.4048785232007504,0.9548535346984863,1.1530253887176514,0.03110325150191784,0.07413823902606964,0.2165934443473816,0.04852839186787605,0.045065123587846756,0.027799271047115326,0.034512199461460114,0.027799447998404503,0.02614203281700611,0.10955777764320374,0.1283707469701767,0.02830149047076702,0.18539132177829742
14,9,1.3161068223416805,0.9543036222457886,1.1529113054275513,0.029957730323076248,0.08547062426805496,0.06849072873592377,0.053169526159763336,0.04903724789619446,0.025752564892172813,0.0367153063416481,0.030728816986083984,0.04934418201446533,0.11862721294164658,0.15254877507686615,0.030146198347210884,0.16467492282390594
14,10,1.2389839559793472,0.9548494219779968,1.1530081033706665,0.04376525431871414,0.06917696446180344,0.08914850652217865,0.051391325891017914,0.023042282089591026,0.025638746097683907,0.0317692868411541,0.029532821848988533,0.035708919167518616,0.13870958983898163,0.07642505317926407,0.024327943101525307,0.17877575755119324
14,11,1.2113929323852064,0.9549831748008728,1.1529232263565063,0.04032311588525772,0.09120582789182663,0.07972396165132523,0.050044864416122437,0.02497733011841774,0.02529425173997879,0.030863981693983078,0.026697658002376556,0.02892838418483734,0.12891769409179688,0.10272099822759628,0.024980809539556503,0.1351327747106552
14,12,1.1420856796205043,0.9549716114997864,1.1529037952423096,0.02777353674173355,0.06848103553056717,0.08576502650976181,0.0513983890414238,0.02131728082895279,0.02428051456809044,0.03250604122877121,0.02594039961695671,0.02541385218501091,0.11071562021970749,0.08797358721494675,0.02501889318227768,0.1339264214038849
15,0,30.369764137268067,0.953371524810791,1.1495932340621948,1.3098803758621216,1.9636263847351074,3.5606327056884766,3.360429525375366,2.3411200046539307,2.248802423477173,1.3723053932189941,4.074343681335449,1.491290807723999,3.9815988540649414,1.74289870262146,0.76719069480896,1.7350516319274902
15,1,4.636343927308917,0.953371524810791,1.142360806465149,0.03537235036492348,0.05062852427363396,0.5594468712806702,0.06661006808280945,0.19263222813606262,0.0262755136936903,0.4611746668815613,1.6316124200820923,0.027978867292404175,0.09395820647478104,0.032108061015605927,0.7376431226730347,0.3017565608024597
15,2,2.853231569752097,0.956036388874054,1.1419883966445923,0.09913188219070435,0.07636123150587082,0.7881994843482971,0.05010731890797615,0.2402767688035965,0.11175219714641571,0.03205160051584244,0.030796309933066368,0.034355733543634415,0.10667449980974197,0.3796360194683075,0.14525464177131653,0.339028924703598
15,3,3.5645240299403667,0.9534273147583008,1.147983431816101,0.287047415971756,0.11489121615886688,1.493812918663025,0.08028621971607208,0.06387954205274582,0.1687130182981491,0.036353111267089844,0.0285972747951746,0.04343219846487045,0.1239924505352974,0.08067299425601959,0.02327308990061283,0.5992904305458069
15,4,2.659838743135333,0.9551765322685242,1.1485018730163574,0.536477267742157,0.19400741159915924,0.1833903193473816,0.1998642086982727,0.06255558133125305,0.02594233676791191,0.03854020684957504,0.03271215409040451,0.10163462907075882,0.2180248498916626,0.10327038913965225,0.02487395890057087,0.5178097486495972
15,5,3.0664523828774692,0.9562719464302063,1.147570013999939,0.6365283131599426,0.21635796129703522,0.28671780228614807,0.2363813817501068,0.07182692736387253,0.06983312219381332,0.03487835079431534,0.02996216155588627,0.1287839412689209,0.1641906499862671,0.18540193140506744,0.06820617616176605,0.5166152715682983
15,6,1.956577167287469,0.9597209692001343,1.1470152139663696,0.5951289534568787,0.17098279297351837,0.2201109379529953,0.09135216474533081,0.030505601316690445,0.020577142015099525,0.026649829000234604,0.027065226808190346,0.09293457120656967,0.040907975286245346,0.126225546002388,0.06243765726685524,0.030351532623171806
15,7,2.075270225852728,0.959202766418457,1.1422854661941528,0.5937560200691223,0.23099903762340546,0.16128723323345184,0.08426129817962646,0.027265997603535652,0.0262975562363863,0.028637897223234177,0.027230869978666306,0.055425215512514114,0.03468542546033859,0.3073261082172394,0.04456433653831482,0.0332355834543705
15,8,1.9333663403987886,0.9596664905548096,1.1422702074050903,0.4422621428966522,0.20232820510864258,0.14563807845115662,0.20847509801387787,0.025417039170861244,0.024374917149543762,0.026166541501879692,0.02807173691689968,0.04639710858464241,0.0375804677605629,0.23696814477443695,0.05879829078912735,0.0305012296885252
15,9,2.0019371449947356,0.9580467343330383,1.142655611038208,0.5503808856010437,0.2187999188899994,0.1236494705080986,0.21052566170692444,0.02957550249993801,0.026795875281095505,0.026565223932266235,0.026613857597112656,0.038504909723997116,0.03319774940609932,0.21334968507289886,0.05505180358886719,0.028786132112145424
15,10,1.260291250422597,0.9585233330726624,1.1446053981781006,0.13104303181171417,0.0275887344032526,0.08815611898899078,0.2727479636669159,0.03213929012417793,0.02654402144253254,0.02563784085214138,0.026867805048823357,0.03365955874323845,0.05074045807123184,0.06824099272489548,0.021989641711115837,0.03431004658341408
15,11,1.155745340883732,0.9571233987808228,1.1452795267105103,0.12850964069366455,0.026773391291499138,0.09728515148162842,0.13284939527511597,0.031157340854406357,0.025095101445913315,0.025205368176102638,0.025895817205309868,0.02576836198568344,0.07373304665088654,0.07147190719842911,0.027523307129740715,0.04399692639708519
15,12,1.3083743952214717,0.9562485218048096,1.1453166007995605,0.135404571890831,0.028804760426282883,0.11025333404541016,0.19323588907718658,0.03330034762620926,0.02145446464419365,0.021946517750620842,0.027182389050722122,0.030562451109290123,0.15283438563346863,0.06917247921228409,0.024587757885456085,0.03932202234864235
15,13,1.5595136802643537,0.95638108253479,1.1466765403747559,0.12228363752365112,0.0263837818056345,0.21107693016529083,0.3007037043571472,0.033651962876319885,0.024543745443224907,0.02582576684653759,0.024573342874646187,0.03563976660370827,0.19004009664058685,0.06669919937849045,0.026327399536967278,0.05115282163023949
15,14,1.6481361668556929,0.9569755792617798,1.1477019786834717,0.12126047909259796,0.03162233531475067,0.13598302006721497,0.45106977224349976,0.03428109362721443,0.023530837148427963,0.02559550106525421,0.021664096042513847,0.047445110976696014,0.195786252617836,0.05980728939175606,0.023492977023124695,0.055661890655756
15,15,1.4165133330971003,0.9563785791397095,1.1473411321640015,0.1197790652513504,0.028666161000728607,0.15823522210121155,0.04099767282605171,0.0373058021068573,0.026863882318139076,0.0242578387260437,0.02376592345535755,0.07153117656707764,0.31102973222732544,0.06623715162277222,0.029016880318522453,0.058082882314920425
15,16,1.2995175309479237,0.9574615359306335,1.1472771167755127,0.08518052846193314,0.023522594943642616,0.26803791522979736,0.03399032726883888,0.034186456352472305,0.025987567380070686,0.025331925600767136,0.025151511654257774,0.0727781355381012,0.11919110268354416,0.08714208006858826,0.030618766322731972,0.04745088890194893
15,17,1.3222620453685523,0.9567065238952637,1.1469749212265015,0.10574802756309509,0.02371273748576641,0.2470594346523285,0.03606107831001282,0.027545951306819916,0.02465548738837242,0.025556540116667747,0.026023993268609047,0.09732150286436081,0.1169549971818924,0.0852866992354393,0.030513592064380646,0.055085714906454086
16,0,32.629016721248625,0.9554615020751953,1.146030306816101,1.481034278869629,1.4129643440246582,3.9752490520477295,3.834653854370117,2.358980417251587,2.2336182594299316,1.8439691066741943,3.9583442211151123,2.501624584197998,4.19569730758667,1.904628872871399,0.7919281125068665,1.716025948524475
16,1,5.656613000482321,0.9540789723396301,1.1413003206253052,0.18003608286380768,0.03526153787970543,1.8016893863677979,0.2403043508529663,0.04268518090248108,0.06252697110176086,0.04345569387078285,0.05389651656150818,2.4774208068847656,0.05097735673189163,0.051716651767492294,0.07095635682344437,0.12661024928092957
16,2,1.2598735880106688,0.9524898529052734,1.1406821012496948,0.08288179337978363,0.03513675183057785,0.25351548194885254,0.06767590343952179,0.03576013073325157,0.03399856388568878,0.03822433948516846,0.030243003740906715,0.0428779199719429,0.03952396661043167,0.07657865434885025,0.029039621353149414,0.07578306645154953
16,3,1.3268276266753674,0.9521106481552124,1.1403652429580688,0.08397232741117477,0.025102190673351288,0.11975935846567154,0.08911143988370895,0.03194018825888634,0.033202480524778366,0.034299369901418686,0.03358394652605057,0.04423591494560242,0.06041036546230316,0.06269125640392303,0.031505003571510315,0.25851860642433167
16,4,1.5407162614166738,0.9522057771682739,1.1419942378997803,0.04224882274866104,0.044194381684064865,0.2683119475841522,0.10619645565748215,0.022306429222226143,0.03095458447933197,0.041893064975738525,0.032108910381793976,0.0583428293466568,0.3281973898410797,0.05596351996064186,0.029297245666384697,0.06186067685484886
16,5,1.4513684410601855,0.9520699977874756,1.1433601379394531,0.02838846482336521,0.027356507256627083,0.24614472687244415,0.10447239875793457,0.022904103621840477,0.020682429894804955,0.030677219852805138,0.03228697553277016,0.04535067453980446,0.3587225377559662,0.034409135580062866,0.04034650698304176,0.04054073244333267
16,6,1.3343371830880641,0.9521991014480591,1.1429516077041626,0.03716062009334564,0.028930220752954483,0.04372534155845642,0.0493483729660511,0.02499324083328247,0.023147542029619217,0.035755377262830734,0.03560645133256912,0.05413556843996048,0.47174713015556335,0.03366127982735634,0.03287137299776077,0.04422452300786972
16,7,1.3822062257677317,0.9527754187583923,1.1449376344680786,0.034899238497018814,0.02627503126859665,0.03971594572067261,0.05953727290034294,0.020851992070674896,0.022926906123757362,0.04075397923588753,0.032458145171403885,0.0722719058394432,0.4673460125923157,0.03323329985141754,0.046108655631542206,0.06628523021936417
16,8,1.4170831836760045,0.9531508684158325,1.1458390951156616,0.03416167199611664,0.024805348366498947,0.03796898573637009,0.0645996704697609,0.02537171170115471,0.023600641638040543,0.03984216973185539,0.03527496010065079,0.0667516216635704,0.48841822147369385,0.03014315292239189,0.03984156996011734,0.0865054652094841
17,0,31.45253529548645,0.9554615020751953,1.146030306816101,1.5989999771118164,1.6685893535614014,3.64890456199646,3.253316879272461,2.291125535964966,2.2006959915161133,2.009561538696289,4.436734676361084,1.4401386976242065,3.875936269760132,2.4809987545013428,0.5772620439529419,1.549972653388977
17,1,3.886039359867573,0.9804381132125854,1.145188570022583,0.038289863616228104,0.05505678057670593,1.0164954662322998,0.19870485365390778,0.054495349526405334,0.03347305580973625,0.037308890372514725,0.06551069021224976,1.3759450912475586,0.11576560884714127,0.03941173478960991,0.1932663917541504,0.23719024658203125
17,2,1.6014268051832914,0.9639044404029846,1.1570643186569214,0.0610862635076046,0.04198088124394417,0.25399139523506165,0.06721823662519455,0.04428493604063988,0.025051528587937355,0.03454083204269409,0.03672437369823456,0.03603220358490944,0.17226025462150574,0.05182342603802681,0.2408730536699295,0.1113656684756279
17,3,1.3553901687264442,0.9618505835533142,1.147984266281128,0.03713350370526314,0.03491862118244171,0.2035708874464035,0.05610384792089462,0.02565920539200306,0.028904641047120094,0.031757764518260956,0.042695652693510056,0.048228535801172256,0.20319022238254547,0.024126432836055756,0.08100809156894684,0.11612579226493835
17,4,1.2567452535033226,0.9574131965637207,1.1518828868865967,0.044949475675821304,0.04128262400627136,0.1409381926059723,0.057739920914173126,0.023423993960022926,0.02460961416363716,0.027844881638884544,0.03650205582380295,0.03609977662563324,0.2059599757194519,0.024855591356754303,0.08477959036827087,0.08590034395456314
17,5,1.1371852166950704,0.9574983716011047,1.1489393711090088,0.04264971986413002,0.041031863540410995,0.15941372513771057,0.06033848598599434,0.023175803944468498,0.02581024542450905,0.02751457504928112,0.039839696139097214,0.03287491202354431,0.08743100613355637,0.025395605713129044,0.10773617029190063,0.0426858589053154
17,6,1.2155703075230122,0.9574844837188721,1.1467623710632324,0.04828723147511482,0.041736334562301636,0.23912814259529114,0.05006018280982971,0.026154974475502968,0.022738289088010788,0.02422456070780754,0.03535795211791992,0.0356835313141346,0.11183681339025497,0.02229987271130085,0.08346278220415115,0.05375026911497116
17,7,1.288381963223219,0.9566360116004944,1.146494746208191,0.05585738271474838,0.03402018919587135,0.24468930065631866,0.05169032886624336,0.024995669722557068,0.03122161701321602,0.026805344969034195,0.03592433035373688,0.03430599719285965,0.14694006741046906,0.022366929799318314,0.09207724034786224,0.06686141341924667
17,8,1.210166010633111,0.956648588180542,1.1454458236694336,0.052445247769355774,0.02900436334311962,0.1792735606431961,0.04437737911939621,0.024250557646155357,0.03394629433751106,0.026371387764811516,0.03308261185884476,0.04711546376347542,0.16717001795768738,0.02471986413002014,0.08438116312026978,0.043609216809272766
17,9,1.1911894910037517,0.9565398693084717,1.1440092325210571,0.05814073607325554,0.030071604996919632,0.1175350472331047,0.046463556587696075,0.026743371039628983,0.032307423651218414,0.02354055643081665,0.03069406934082508,0.04594750702381134,0.1740642488002777,0.024563362821936607,0.1178986057639122,0.043109580874443054
17,10,1.2408586107194424,0.9561629891395569,1.1429263353347778,0.0769127681851387,0.039304643869400024,0.08334987610578537,0.04603435471653938,0.02551410347223282,0.0368364192545414,0.02432962879538536,0.03080788441002369,0.036877892911434174,0.20698468387126923,0.02184477262198925,0.1410544216632843,0.05118929594755173
17,11,1.0859190184623002,0.9565759897232056,1.1429595947265625,0.03380780667066574,0.02390374056994915,0.12620428204536438,0.05473638325929642,0.02707856521010399,0.023264029994606972,0.025657523423433304,0.02362392097711563,0.029022276401519775,0.17012536525726318,0.02941465564072132,0.057256538420915604,0.04191681370139122
17,12,1.072890642285347,0.9576074481010437,1.1423708200454712,0.03392709419131279,0.025660324841737747,0.11026959866285324,0.04618452116847038,0.028184112161397934,0.023310117423534393,0.026160933077335358,0.024840716272592545,0.030767323449254036,0.17743496596813202,0.029764877632260323,0.056675173342227936,0.0397152304649353
17,13,1.1872093509882689,0.9569825530052185,1.1436493396759033,0.05705868825316429,0.0238611102104187,0.14105618000030518,0.06439471244812012,0.03588002175092697,0.02357211895287037,0.02395814098417759,0.02274894155561924,0.02994118072092533,0.20362651348114014,0.03091403655707836,0.06331373751163483,0.046757590025663376
17,14,1.2002743769437076,0.9565667510032654,1.1439409255981445,0.06997822225093842,0.02288856916129589,0.1466987133026123,0.07226693630218506,0.03150240331888199,0.022842396050691605,0.024202629923820496,0.02436092309653759,0.03091445378959179,0.20129220187664032,0.03075600042939186,0.058306287974119186,0.04416310414671898
17,15,1.1719664048403502,0.9562788009643555,1.1448817253112793,0.07856128364801407,0.023473527282476425,0.1345060169696808,0.03541553393006325,0.03306014835834503,0.023539312183856964,0.023389356210827827,0.02362336404621601,0.028666270896792412,0.21122628450393677,0.031128138303756714,0.06530249118804932,0.039842572063207626
17,16,1.1662198137491941,0.9560589790344238,1.143713116645813,0.09198150038719177,0.020261913537979126,0.14512094855308533,0.07205633074045181,0.04094010964035988,0.023878956213593483,0.023690445348620415,0.024200571700930595,0.029907604679465294,0.14013302326202393,0.02829967625439167,0.06804995238780975,0.03774436190724373
17,17,1.0868901196867227,0.9563387632369995,1.1435747146606445,0.07055417448282242,0.024509640410542488,0.11017996817827225,0.08072119951248169,0.040192294865846634,0.024377744644880295,0.024925172328948975,0.02349679544568062,0.03042113594710827,0.11756223440170288,0.028674667701125145,0.04753227159380913,0.04376012459397316
17,18,1.1017921533435584,0.9565737843513489,1.1439685821533203,0.0690983235836029,0.02026294358074665,0.14423289895057678,0.08134417235851288,0.04483414068818092,0.02641231007874012,0.02619940973818302,0.023814480751752853,0.030169975012540817,0.09760788828134537,0.03068588301539421,0.04400069639086723,0.04302055761218071
18,0,31.748469209671022,0.9568853974342346,1.151820421218872,1.5759204626083374,1.5434834957122803,4.049409866333008,3.8255019187927246,1.8841322660446167,2.435401201248169,1.410837173461914,3.437438726425171,1.873779296875,3.979250192642212,2.2978014945983887,0.5832511782646179,2.43052077293396
18,1,4.364894429594278,0.9542429447174072,1.1401973962783813,0.12572813034057617,0.04189315438270569,1.2299891710281372,0.11408130079507828,0.03739700838923454,0.10171114653348923,0.04224547743797302,0.029892724007368088,1.9323283433914185,0.17759868502616882,0.02785116247832775,0.026455989107489586,0.05883406847715378
18,2,1.5526239410042764,0.9526296854019165,1.1497315168380737,0.06874853372573853,0.10453392565250397,0.25507852435112,0.19884036481380463,0.036179639399051666,0.02780248410999775,0.026467690244317055,0.029525021091103554,0.13329371809959412,0.14055940508842468,0.027995536103844643,0.0236482135951519,0.05947864428162575
18,3,2.103095468506217,0.9531910419464111,1.1489049196243286,0.062254514545202255,0.10933295637369156,0.5915294885635376,0.4344382882118225,0.07001800835132599,0.022016147151589394,0.027742626145482063,0.026892881840467453,0.0637001097202301,0.09086669981479645,0.03107910044491291,0.05187041312456131,0.10093504190444946
18,4,2.130210914462805,0.954239010810852,1.14364755153656,0.04097088798880577,0.19845013320446014,0.580655574798584,0.31055939197540283,0.10318359732627869,0.0230657197535038,0.03405817970633507,0.02817135863006115,0.029567832127213478,0.13679185509681702,0.07203517854213715,0.08502177149057388,0.06810212135314941
18,5,2.2664249259978533,0.9546522498130798,1.1461524963378906,0.0478406697511673,0.21735522150993347,0.6851077675819397,0.2885799705982208,0.1205836832523346,0.027610570192337036,0.029357774183154106,0.028050117194652557,0.02770492061972618,0.09566811472177505,0.07988730818033218,0.1218283548951149,0.07668950408697128
18,6,1.8947176009416582,0.9563965797424316,1.1479052305221558,0.044789768755435944,0.2474161982536316,0.09005595743656158,0.38371190428733826,0.14169488847255707,0.022747501730918884,0.03768017888069153,0.028166010975837708,0.035867705941200256,0.12461750954389572,0.1057269424200058,0.14334549009799957,0.06803718209266663
18,7,1.771908612921834,0.9552114605903625,1.1477593183517456,0.08433570712804794,0.22744575142860413,0.11076726764440536,0.1606103479862213,0.14039987325668335,0.02424204722046852,0.03396444395184517,0.028736507520079613,0.04391612485051155,0.1196061372756958,0.1654728353023529,0.13410627841949463,0.07771113514900208
18,8,1.8744032189249993,0.9541025161743164,1.1471056938171387,0.09603030234575272,0.27864447236061096,0.09881965816020966,0.13863378763198853,0.14035046100616455,0.024816635996103287,0.030123937875032425,0.028409365564584732,0.04627421125769615,0.15094777941703796,0.1809568703174591,0.12269791960716248,0.11745617538690567
19,0,33.05184527635574,0.9554615020751953,1.146030306816101,1.8525487184524536,1.4661608934402466,4.220360279083252,3.626748561859131,1.9507676362991333,1.9046612977981567,1.9594006538391113,4.182347297668457,2.5153748989105225,3.6584482192993164,2.426318407058716,0.9132408499717712,1.9551692008972168
19,1,4.526130115613341,0.9522296786308289,1.1450893878936768,0.025408098474144936,1.517575979232788,0.32984545826911926,1.3397551774978638,0.11556926369667053,0.03127557411789894,0.03229338303208351,0.047972824424505234,0.03652842715382576,0.08007751405239105,0.05670987442135811,0.2645106911659241,0.22914403676986694
19,2,2.3981643982231615,0.953006386756897,1.1495107412338257,0.1444321721792221,0.08803313970565796,0.36813172698020935,0.05729975551366806,0.05777742341160774,0.02716735191643238,0.02992144040763378,0.07439075410366058,0.290094792842865,0.22296398878097534,0.09716177731752396,0.07011973857879639,0.4501669108867645
19,3,2.3903182085603474,0.9528898596763611,1.1489766836166382,0.10261226445436478,0.05259210616350174,0.5694509744644165,0.11268716305494308,0.09251284599304199,0.024673301726579666,0.0313926562666893,0.10822214186191559,0.13101916015148163,0.4240298867225647,0.02946709468960762,0.029095469042658806,0.2621898353099823
19,4,3.0190045695751904,0.9567851424217224,1.1456679105758667,0.19284537434577942,0.06337307393550873,0.879768431186676,0.09713254123926163,0.12093895673751831,0.0462825782597065,0.030850155279040337,0.09242909401655197,0.12682324647903442,0.687094509601593,0.03246477618813515,0.05506863445043564,0.17344258725643158
19,5,1.8955408468842507,0.9553552269935608,1.1479378938674927,0.2193084955215454,0.0740761086344719,0.18666338920593262,0.10604322701692581,0.12360920757055283,0.05426763743162155,0.026825683191418648,0.08037280291318893,0.13558200001716614,0.3262959420681,0.024976814165711403,0.040839504450559616,0.07602141052484512
19,6,1.7639117009937764,0.9547736644744873,1.14574134349823,0.13478930294513702,0.07926507294178009,0.07818830758333206,0.14542017877101898,0.16311077773571014,0.07067079097032547,0.02500982955098152,0.08287741988897324,0.046894751489162445,0.3753066658973694,0.03217673674225807,0.03184467926621437,0.07825418561697006
19,7,1.371550041809678,0.9539123177528381,1.144782543182373,0.02933034673333168,0.02634989283978939,0.06686686724424362,0.07322676479816437,0.05745083466172218,0.052424393594264984,0.025018839165568352,0.050373375415802,0.03937699645757675,0.4050080478191376,0.029262574389576912,0.03696431592106819,0.06015782058238983
19,8,1.5080769516527655,0.9543904066085815,1.1463524103164673,0.033718276768922806,0.022069139406085014,0.05826296657323837,0.060906682163476944,0.06278365105390549,0.06531108915805817,0.025661442428827286,0.05639822408556938,0.04025482013821602,0.5119385719299316,0.026607679203152657,0.04272790253162384,0.0812879428267479
19,9,1.3735024489462375,0.9544190764427185,1.1466423273086548,0.034020472317934036,0.02330750599503517,0.06371717154979706,0.039881203323602676,0.06791424751281738,0.028932228684425354,0.025327222421765327,0.043895963579416275,0.044155020266771317,0.43106135725975037,0.027686676010489464,0.04748094826936722,0.07591015100479126
19,10,1.2909183748066426,0.9547870755195618,1.146376371383667,0.033262476325035095,0.042916782200336456,0.05526222661137581,0.03299887478351593,0.04326145350933075,0.023319989442825317,0.02494911476969719,0.05382319167256355,0.03882955387234688,0.35803624987602234,0.03004230558872223,0.05341826006770134,0.0805652067065239
19,11,1.3370641387999058,0.9547573328018188,1.1463066339492798,0.024608975276350975,0.037875376641750336,0.05509642884135246,0.03157006576657295,0.04345829412341118,0.027308287099003792,0.023285338655114174,0.02626355178654194,0.04969920963048935,0.4308793246746063,0.034329529851675034,0.04933297634124756,0.08314398676156998
19,12,1.2616824861615896,0.9560809135437012,1.1463161706924438,0.023370841518044472,0.04123673960566521,0.060330700129270554,0.032560937106609344,0.0503755621612072,0.02455585077404976,0.02652471512556076,0.027393996715545654,0.044594764709472656,0.32551315426826477,0.0315464623272419,0.05288771539926529,0.10031162947416306
19,13,1.2554060727357865,0.9551501274108887,1.1460899114608765,0.025288231670856476,0.045184262096881866,0.056983426213264465,0.033121101558208466,0.06258673220872879,0.0252236258238554,0.024476341903209686,0.02751569077372551,0.042615920305252075,0.31192341446876526,0.029446935281157494,0.05429432541131973,0.09649805724620819
19,14,1.2071647204458713,0.9552347660064697,1.1454734802246094,0.02304878830909729,0.04461913928389549,0.05950876697897911,0.02737690694630146,0.07281749695539474,0.024393338710069656,0.026769369840621948,0.026941753923892975,0.04627017304301262,0.26065072417259216,0.029588328674435616,0.04953695833683014,0.09550132602453232
19,15,1.2658098060637712,0.9557939767837524,1.1455373764038086,0.023616397753357887,0.04902621731162071,0.05979597568511963,0.029987260699272156,0.0857103019952774,0.025378337129950523,0.028381893411278725,0.026596125215291977,0.055307403206825256,0.2833281457424164,0.02637495845556259,0.05696660280227661,0.09507391601800919
19,16,1.2616116173565388,0.9562191963195801,1.1462198495864868,0.022718064486980438,0.07987932115793228,0.07439234107732773,0.027600843459367752,0.06146331876516342,0.026959113776683807,0.027479667216539383,0.027527272701263428,0.05666886270046234,0.253195583820343,0.035318803042173386,0.06102559715509415,0.08689501881599426
19,17,1.2618125036358834,0.9563098549842834,1.1462081670761108,0.04477991536259651,0.0839308500289917,0.04893043637275696,0.030556851997971535,0.06267241388559341,0.027540329843759537,0.025148943066596985,0.02422287128865719,0.037776995450258255,0.22832868993282318,0.079392209649086,0.051698487251996994,0.09632990509271622
19,18,1.086288807168603,0.9558830857276917,1.1471058130264282,0.0422038659453392,0.06177355349063873,0.05611938610672951,0.03297894075512886,0.059728652238845825,0.02443007193505764,0.024957628920674324,0.0264273751527071,0.03620158135890961,0.0644281804561615,0.0992378294467926,0.06462925672531128,0.07257470488548279
19,19,1.1212269689887764,0.9560651779174805,1.1467089653015137,0.051688458770513535,0.07089347392320633,0.06134972348809242,0.03255914896726608,0.04513503611087799,0.025325877591967583,0.023490240797400475,0.025838470086455345,0.035272981971502304,0.09207554161548615,0.10685326904058456,0.06530649960041046,0.06488341838121414
19,20,1.1707652781158686,0.9558306932449341,1.1471006870269775,0.0472969189286232,0.06493858993053436,0.05522299185395241,0.034320395439863205,0.0642218217253685,0.026198716834187508,0.023408684879541397,0.02309267222881317,0.04213546961545944,0.10220035910606384,0.13064983487129211,0.05894454941153526,0.07754799723625183
19,21,1.1490947645157576,0.9554814100265503,1.1470919847488403,0.04210362210869789,0.06769141554832458,0.051243312656879425,0.03329074755311012,0.05228005349636078,0.021985860541462898,0.024462761357426643,0.026935381814837456,0.04404938593506813,0.12446124106645584,0.12493377178907394,0.04747328162193298,0.06766925007104874
19,22,1.1466412365436554,0.955285906791687,1.1467300653457642,0.049793802201747894,0.048825640231370926,0.04635396972298622,0.030813008546829224,0.09080325812101364,0.024114366620779037,0.023724736645817757,0.026478441432118416,0.03551310673356056,0.14531292021274567,0.05979229137301445,0.08010541647672653,0.06460708379745483
19,23,1.174237910658121,0.9560749530792236,1.147458791732788,0.05188707634806633,0.05073847621679306,0.04577871039509773,0.03358589485287666,0.07095009088516235,0.02684282697737217,0.02527991309762001,0.027932634577155113,0.031441401690244675,0.16920633614063263,0.0778043270111084,0.07732823491096497,0.06475523859262466
19,24,1.1607565470039845,0.9557180404663086,1.1472077369689941,0.056931428611278534,0.05282583460211754,0.032160528004169464,0.03238195553421974,0.05679856240749359,0.02570154145359993,0.028788501396775246,0.028405724093317986,0.03288594260811806,0.15951122343540192,0.040581587702035904,0.09107983112335205,0.10211873054504395
20,0,30.958091700077055,0.9554615020751953,1.146030306816101,1.6688554286956787,1.8819355964660645,3.465007781982422,3.1629533767700195,2.270601272583008,2.564756155014038,1.6934599876403809,3.8448448181152344,2.0450997352600098,4.015863418579102,1.1809264421463013,0.7062545418739319,2.0372347831726074
20,1,4.343723470717668,0.9591944217681885,1.1500129699707031,0.0832250565290451,1.9127088785171509,0.23689712584018707,0.8744474649429321,0.2440468668937683,0.06961226463317871,0.04168141260743141,0.07530335336923599,0.08396221697330475,0.11848446726799011,0.09955645352602005,0.036123182624578476,0.045833248645067215
20,2,1.5153398774564266,0.953633189201355,1.1461859941482544,0.0753750130534172,0.026241542771458626,0.12480691820383072,0.04124927893280983,0.05480160936713219,0.07416068017482758,0.030057372525334358,0.051762379705905914,0.16670598089694977,0.042885761708021164,0.28468844294548035,0.06519288569688797,0.05744817480444908
20,3,1.6696162179112435,0.9557779431343079,1.1488643884658813,0.06219276785850525,0.032184530049562454,0.14652906358242035,0.032049160450696945,0.02952459268271923,0.031014971435070038,0.03624618425965309,0.029724491760134697,0.18232375383377075,0.28442656993865967,0.2373093217611313,0.04974689334630966,0.09541545063257217
20,4,2.6105821900069714,0.9596738219261169,1.1511521339416504,0.19368548691272736,0.039871711283922195,0.1340520977973938,0.044429220259189606,0.025396771728992462,0.023061364889144897,0.02767999656498432,0.02765507809817791,0.2909967601299286,0.6804829835891724,0.23191846907138824,0.03670058399438858,0.43248647451400757
20,5,2.1762150220572947,0.9608012437820435,1.1499300003051758,0.28224191069602966,0.039375755935907364,0.1429079920053482,0.04289110749959946,0.025605415925383568,0.02477913908660412,0.03592393547296524,0.03564474359154701,0.2743633985519409,0.04330476000905037,0.278529554605484,0.05716630443930626,0.4713347554206848
20,6,1.7898324351757764,0.959894597530365,1.152841329574585,0.08656776696443558,0.03235621005296707,0.13719113171100616,0.04810311645269394,0.03144512698054314,0.020444409921765327,0.03231906518340111,0.03538864850997925,0.13416877388954163,0.03499418869614601,0.2353733330965042,0.03212078660726547,0.5068126916885376
20,7,1.762803203612566,0.9567058086395264,1.1519577503204346,0.07245741039514542,0.030208999291062355,0.09393397718667984,0.04025134816765785,0.030529625713825226,0.061823487281799316,0.03412064164876938,0.03303936868906021,0.1851574331521988,0.024034883826971054,0.286861389875412,0.031128929927945137,0.41752299666404724
20,8,1.8928768828511238,0.9579535126686096,1.1508523225784302,0.09738139808177948,0.02760547213256359,0.10500101745128632,0.04754764214158058,0.04009948670864105,0.056209221482276917,0.03063444048166275,0.027493534609675407,0.19611744582653046,0.02818889170885086,0.3287936747074127,0.04275441914796829,0.4432890713214874
21,0,29.46074954867363,0.9614325165748596,1.1462485790252686,1.312491536140442,1.2475407123565674,3.941413640975952,3.458305835723877,1.4941651821136475,1.7228666543960571,1.9802583456039429,3.264859914779663,1.7199599742889404,4.572883129119873,1.9987812042236328,0.42644456028938293,1.899242639541626
21,1,4.958786424249411,0.9614325165748596,1.1400272846221924,0.09582029283046722,0.5757622718811035,0.39389801025390625,0.08373082429170609,0.06935028731822968,0.10099565237760544,0.9256578683853149,1.4689455032348633,0.04712764918804169,0.2808071970939636,0.039410483092069626,0.31750625371932983,0.13948217034339905
21,2,4.417009080946445,0.9581888318061829,1.14011812210083,0.07687194645404816,0.8161635994911194,0.5851972103118896,0.19485880434513092,0.10149449110031128,0.10413241386413574,0.04172070324420929,0.04635561257600784,0.9186416864395142,0.43402794003486633,0.18794408440589905,0.13571731746196747,0.3542218804359436
21,3,2.352411042153835,0.9533686637878418,1.1401183605194092,0.030307587236166,0.03345952555537224,0.4553942084312439,0.2479027360677719,0.030022675171494484,0.09221364557743073,0.02857258915901184,0.05085846409201622,0.02961435355246067,0.34752050042152405,0.2321779876947403,0.14019277691841125,0.21547658741474152
21,4,2.2025621723383666,0.9525504112243652,1.1405214071273804,0.038550570607185364,0.14829251170158386,0.2773441970348358,0.08227460831403732,0.033069759607315063,0.02192029170691967,0.025412026792764664,0.04376651346683502,0.026991385966539383,0.4992331266403198,0.039278604090213776,0.11059796065092087,0.43721625208854675
21,5,2.0884825412184,0.9522038698196411,1.1432936191558838,0.037498753517866135,0.13598400354385376,0.3374081552028656,0.09663406014442444,0.03708029165863991,0.0232721958309412,0.026555592194199562,0.04098957031965256,0.02509555034339428,0.3763260543346405,0.032668739557266235,0.10106350481510162,0.3988065719604492
21,6,1.9573209553956985,0.9520852565765381,1.144779086112976,0.038574378937482834,0.1248379796743393,0.3095053732395172,0.05710270628333092,0.040742773562669754,0.02636003866791725,0.02621079608798027,0.04052033647894859,0.025152917951345444,0.08037067204713821,0.03581063821911812,0.13193941116333008,0.6008200645446777
21,7,1.6093857936561107,0.9530059695243835,1.146060824394226,0.038637589663267136,0.14402657747268677,0.42226558923721313,0.07564288377761841,0.02282858081161976,0.02196669764816761,0.02854982577264309,0.03314334899187088,0.03045661561191082,0.04239147901535034,0.03345431387424469,0.12341262400150299,0.1727963089942932
21,8,1.6249678384512665,0.9542907476425171,1.1456295251846313,0.02646530047059059,0.04553307965397835,0.5830841660499573,0.1232239156961441,0.023208217695355415,0.023798679932951927,0.028327275067567825,0.029839834198355675,0.024911485612392426,0.051941122859716415,0.03013293817639351,0.035906609147787094,0.178611159324646
21,9,1.5357520539313554,0.9543225765228271,1.1441019773483276,0.02360701560974121,0.0589355044066906,0.3946670889854431,0.15959948301315308,0.023467645049095154,0.02340914122760296,0.028102664276957512,0.03003719076514244,0.027439545840024948,0.06475730240345001,0.025659454986453056,0.04481666162610054,0.2115684449672699
21,10,1.681515097245574,0.9542698860168457,1.1460578441619873,0.032028257846832275,0.05331607162952423,0.48976045846939087,0.18968865275382996,0.023405376821756363,0.021653778851032257,0.024442996829748154,0.036608077585697174,0.025046691298484802,0.06472725421190262,0.030223893001675606,0.05438406392931938,0.2161639779806137
21,11,1.4943511128425597,0.9539055824279785,1.1466563940048218,0.03972410783171654,0.05916384980082512,0.3716001510620117,0.06668267399072647,0.022645670920610428,0.024168433621525764,0.02929781563580036,0.037269625812768936,0.027094334363937378,0.06113232299685478,0.03373131528496742,0.05629448965191841,0.24543392658233643
21,12,1.5814711906015873,0.9547242522239685,1.146632194519043,0.04315008223056793,0.048297103494405746,0.46314069628715515,0.06846903264522552,0.01961248740553856,0.023316096514463425,0.026136910542845726,0.027412936091423035,0.03774859011173248,0.05074986815452576,0.027074364945292473,0.05077173933386803,0.27531999349594116
21,13,1.6678879603743555,0.9547265768051147,1.1461515426635742,0.04458831995725632,0.0444529727101326,0.5218563079833984,0.0791291669011116,0.023555736988782883,0.02623969316482544,0.025190571323037148,0.02428417280316353,0.04890814423561096,0.04938662424683571,0.02589360438287258,0.041734661906957626,0.2924923598766327
21,14,1.2802984572947025,0.9555835127830505,1.1468219757080078,0.04574340954422951,0.05225225165486336,0.09175241738557816,0.08032826334238052,0.024067770689725876,0.023643245920538902,0.025928590446710587,0.024014191702008247,0.05651761218905449,0.03941110894083977,0.028012722730636597,0.04584340378642082,0.32230237126350403
21,15,1.107766317203641,0.9556046724319458,1.1475666761398315,0.0421767383813858,0.0580376535654068,0.09932459145784378,0.07456036657094955,0.023174162954092026,0.021999910473823547,0.023526201024651527,0.02653772197663784,0.05827241390943527,0.12260923534631729,0.027664629742503166,0.052686575800180435,0.056561846286058426
21,16,1.1178785983473063,0.9550198912620544,1.1459388732910156,0.05895751342177391,0.05900837853550911,0.08761546015739441,0.05363716185092926,0.022455938160419464,0.02213558368384838,0.024418959394097328,0.024951500818133354,0.06842212378978729,0.14458301663398743,0.02964702621102333,0.056627076119184494,0.04522710666060448
21,17,1.1731235630810262,0.9545947313308716,1.1461493968963623,0.05334404110908508,0.06028329208493233,0.08141844719648361,0.06501904129981995,0.021360060200095177,0.023399731144309044,0.026212278753519058,0.02433141879737377,0.05475947633385658,0.19844494760036469,0.024905091151595116,0.05749833583831787,0.061998575925827026
21,18,1.1418228853493928,0.9548740386962891,1.1455180644989014,0.06099531799554825,0.04942906275391579,0.07271377742290497,0.061529938131570816,0.02160913124680519,0.022115550935268402,0.022138657048344612,0.02461513876914978,0.04481951892375946,0.18067941069602966,0.02698151394724846,0.07085734605789185,0.06326010078191757
21,19,1.2066455975174903,0.9548977017402649,1.145493745803833,0.05537824705243111,0.06539402157068253,0.07137864083051682,0.07111026346683502,0.024805236607789993,0.023769086226820946,0.023068973794579506,0.019836798310279846,0.065522201359272,0.20786449313163757,0.028326407074928284,0.0660063773393631,0.06410656124353409
21,20,1.2081148203462362,0.9543526768684387,1.146557331085205,0.056794796139001846,0.061468616127967834,0.07907517999410629,0.05920432135462761,0.02352430485188961,0.02321442775428295,0.02148330770432949,0.024647509679198265,0.06845443695783615,0.22634658217430115,0.024343790486454964,0.06757852435112,0.05179702118039131
21,21,1.1847734946757555,0.9541246294975281,1.1466481685638428,0.051713090389966965,0.06230606138706207,0.05775837600231171,0.04330351576209068,0.02561149001121521,0.024995913729071617,0.021657489240169525,0.021674104034900665,0.058952413499355316,0.2257814109325409,0.02934790402650833,0.08148938417434692,0.06002778187394142
22,0,32.32432749271393,0.9554615020751953,1.146030306816101,1.6322439908981323,2.5359508991241455,3.466094493865967,2.94128680229187,3.1118686199188232,1.4647252559661865,1.935207724571228,3.798062801361084,2.2823071479797363,3.4872634410858154,1.7950154542922974,0.6858738660812378,2.7681286334991455
22,1,8.792697781324387,0.9554615020751953,1.1400203704833984,0.042466167360544205,0.4046376347541809,0.7104943990707397,1.4373462200164795,0.23422883450984955,0.24914781749248505,0.5086384415626526,2.0535566806793213,1.2698923349380493,0.8272081017494202,0.03186124190688133,0.3206096887588501,0.2835138440132141
22,2,1.7554984219372272,0.9537292122840881,1.1424992084503174,0.11801114678382874,0.03128911554813385,0.17071057856082916,0.051020678132772446,0.050227195024490356,0.020136650651693344,0.03678877651691437,0.024892959743738174,0.05166570097208023,0.15816079080104828,0.041553378105163574,0.07284708321094513,0.5089486837387085
22,3,3.2974077347666024,0.9524891376495361,1.1450055837631226,0.04530361667275429,0.02646150253713131,0.24153202772140503,0.04080041125416756,0.04605330526828766,0.03094770945608616,0.030372468754649162,0.026325680315494537,0.05719733610749245,0.1882188767194748,0.035336755216121674,0.07113797962665558,2.0382211208343506
22,4,1.1939741410315037,0.9541804194450378,1.1505987644195557,0.056667082011699677,0.0283669326454401,0.13776254653930664,0.06620778888463974,0.05088050290942192,0.032086148858070374,0.025173485279083252,0.030788948759436607,0.03857943043112755,0.1586248129606247,0.05271581932902336,0.05797673016786575,0.037188075482845306
22,5,1.1349593460559846,0.9576993584632874,1.149200439453125,0.05925048515200615,0.027063144370913506,0.05173873156309128,0.06492231041193008,0.06989230960607529,0.030991600826382637,0.029635515064001083,0.027676399797201157,0.03701002895832062,0.17099198698997498,0.051487669348716736,0.0514906570315361,0.041428547352552414
22,6,1.0611172143369914,0.9559729695320129,1.149239182472229,0.05132870376110077,0.02618713304400444,0.06607892364263535,0.06985918432474136,0.061781495809555054,0.03318149223923683,0.02558474987745285,0.030815988779067993,0.02762739546597004,0.11401967704296112,0.04702356085181236,0.04853729158639908,0.03804918751120567
22,7,1.0818993639200927,0.9558175206184387,1.1469218730926514,0.05473420023918152,0.028094790875911713,0.05662607401609421,0.07032818347215652,0.08101165294647217,0.03554937615990639,0.025893380865454674,0.027436979115009308,0.032309629023075104,0.12754946947097778,0.032111648470163345,0.046143125742673874,0.04356297478079796
22,8,1.0337615195661782,0.9563271403312683,1.1474353075027466,0.051142942160367966,0.026473043486475945,0.05857584625482559,0.06705781072378159,0.07612324506044388,0.03813974931836128,0.02690892666578293,0.027417907491326332,0.027269253507256508,0.03894444927573204,0.030085761100053787,0.037097759544849396,0.1077723354101181
22,9,1.0518334299325942,0.9586704969406128,1.1473220586776733,0.05413578078150749,0.025939147919416428,0.06816606223583221,0.0647277981042862,0.08077544718980789,0.032394904643297195,0.02610229142010212,0.027326196432113647,0.027410073205828667,0.032887399196624756,0.031875938177108765,0.0488620363175869,0.1100318431854248
22,10,1.1131510518491268,0.9579223394393921,1.1441669464111328,0.048290885984897614,0.025077570229768753,0.09044864773750305,0.060559701174497604,0.08711658418178558,0.028145719319581985,0.027438750490546227,0.029898418113589287,0.050191134214401245,0.03634040802717209,0.03250037506222725,0.03202703595161438,0.14469796419143677
22,11,1.0770205751061441,0.9571810960769653,1.1448956727981567,0.056566230952739716,0.023765405640006065,0.07024595886468887,0.07482529431581497,0.08208179473876953,0.028777875006198883,0.02656417153775692,0.025103863328695297,0.02691083401441574,0.03577403351664543,0.025245286524295807,0.027736861258745193,0.1530076116323471
22,12,1.0453496236354112,0.9574524164199829,1.1453852653503418,0.043604180216789246,0.020269645377993584,0.06289106607437134,0.07231899350881577,0.0350845567882061,0.026223281398415565,0.02390890195965767,0.026057099923491478,0.027813948690891266,0.06175372377038002,0.03204744681715965,0.029530782252550125,0.1632784605026245
22,13,1.0504969965666533,0.9570475220680237,1.1453399658203125,0.04448820278048515,0.027308249846100807,0.0777093693614006,0.03129086643457413,0.04148763790726662,0.024937042966485023,0.025181196630001068,0.02220047265291214,0.028591755777597427,0.08640880137681961,0.028778361156582832,0.033889543265104294,0.1577479988336563
22,14,1.0814434625208378,0.9572936296463013,1.145039677619934,0.05246983841061592,0.02222241647541523,0.08281595259904861,0.030644582584500313,0.03896406292915344,0.028203582391142845,0.02970493771135807,0.026042114943265915,0.029879510402679443,0.06721632927656174,0.03458133339881897,0.0316409170627594,0.1865912228822708
23,0,32.10101374387741,0.9554615020751953,1.146030306816101,1.6115214824676514,1.855767846107483,3.856658458709717,3.65946626663208,2.4581687450408936,1.736755132675171,1.2897148132324219,3.864959716796875,2.1764490604400635,3.9066648483276367,2.2287817001342773,0.6447338461875916,2.39107346534729
23,1,4.846183650940657,0.9554615020751953,1.1450786590576172,0.06961003690958023,0.03189114108681679,0.31259191036224365,0.47788605093955994,0.10724515467882156,0.06403166055679321,0.5878496170043945,1.5967261791229248,0.3140573501586914,0.41474100947380066,0.09549423307180405,0.12708115577697754,0.2268701195716858
23,2,3.7960980646312237,0.9792780876159668,1.1400032043457031,0.3534371256828308,0.08804157376289368,0.36118173599243164,0.15007096529006958,0.17984658479690552,0.0896696075797081,0.03074275702238083,1.340651035308838,0.06562188267707825,0.2744359076023102,0.15044613182544708,0.23708203434944153,0.05101446434855461
23,3,4.117452348768711,0.9845598340034485,1.1400059461593628,0.6325123906135559,0.0860380306839943,0.3293765187263489,0.12893357872962952,0.1734083592891693,0.03963463008403778,0.03472349792718887,0.6877819299697876,0.10605521500110626,1.0492541790008545,0.12521152198314667,0.26124876737594604,0.03836057335138321
23,4,3.1808324053883554,0.9670935869216919,1.1401318311691284,0.18768452107906342,0.03160244598984718,0.13697969913482666,0.09631603956222534,0.06906559318304062,0.029448293149471283,0.03818551078438759,0.02865312248468399,0.18637463450431824,1.6677581071853638,0.14939668774604797,0.10454920679330826,0.03337346017360687
23,5,1.9215452395379544,0.9620286822319031,1.140371561050415,0.2333972156047821,0.045942146331071854,0.2070927768945694,0.07651172578334808,0.06930389255285263,0.02290981635451317,0.032717619091272354,0.027967941015958786,0.23193460702896118,0.2068430334329605,0.1366039216518402,0.17363540828227997,0.03620508685708046
23,6,1.6796337373554706,0.9619737267494202,1.1416023969650269,0.1214933767914772,0.06109985336661339,0.19934991002082825,0.0541076622903347,0.07105541229248047,0.027288522571325302,0.03366118296980858,0.025464294478297234,0.17229977250099182,0.09218282997608185,0.16162246465682983,0.20864379405975342,0.03064943663775921
23,7,1.745420890301466,0.9605211615562439,1.1428983211517334,0.04848221689462662,0.07067704200744629,0.25083279609680176,0.03491665795445442,0.11578048765659332,0.02283496782183647,0.03258940204977989,0.024882003664970398,0.11707591265439987,0.08739910274744034,0.06143787503242493,0.4109792113304138,0.046849317848682404
23,8,1.9029289312660693,0.9598315358161926,1.1432865858078003,0.0463801845908165,0.06732561439275742,0.2942066788673401,0.026108847931027412,0.022486267611384392,0.023209834471344948,0.03589685261249542,0.022072823718190193,0.14956311881542206,0.09452778846025467,0.07668948173522949,0.5826544165611267,0.04118339717388153
23,9,1.8464855059981347,0.9599276185035706,1.1436984539031982,0.0767861008644104,0.08402662724256516,0.2125006467103958,0.02533101849257946,0.022900259122252464,0.024886757135391235,0.035473886877298355,0.025220662355422974,0.17142541706562042,0.08885256946086884,0.0778142437338829,0.5364052653312683,0.044136837124824524
23,10,1.2434878125786781,0.9596256017684937,1.144445776939392,0.04653748497366905,0.033378966152668,0.29333725571632385,0.023830963298678398,0.024228347465395927,0.030886901542544365,0.02595025859773159,0.0241868756711483,0.033930737525224686,0.0970146507024765,0.04505171999335289,0.09991167485713959,0.04442770034074783
23,11,1.2897822868078948,0.960235059261322,1.1442952156066895,0.05246622487902641,0.03276504948735237,0.3350588381290436,0.030012672767043114,0.02150850184261799,0.030107075348496437,0.02715274505317211,0.02730986289680004,0.03424487262964249,0.10401176661252975,0.04295435547828674,0.08641596138477325,0.04486830532550812
23,12,1.1253133650869132,0.958942174911499,1.1440976858139038,0.053869184106588364,0.03287619724869728,0.16092731058597565,0.03291325643658638,0.025968454778194427,0.03593369573354721,0.028633056208491325,0.024615630507469177,0.03644038364291191,0.11077626794576645,0.04017715901136398,0.075593002140522,0.045981794595718384
23,13,1.1259596660733222,0.9589517116546631,1.1447001695632935,0.05191093310713768,0.03899437561631203,0.1301533728837967,0.035377468913793564,0.021044407039880753,0.028937891125679016,0.030110036954283714,0.025953194126486778,0.047705333679914474,0.1019265204668045,0.04593421146273613,0.0879414975643158,0.05924004688858986
23,14,0.9973205700516701,0.9583421349525452,1.1455382108688354,0.04932321235537529,0.03904711827635765,0.05014137178659439,0.038015976548194885,0.021735897287726402,0.033745989203453064,0.023663081228733063,0.023977288976311684,0.03218629211187363,0.07387800514698029,0.043745554983615875,0.07257214188575745,0.07451257109642029
23,15,0.9519486472010613,0.9586704969406128,1.146211862564087,0.04623608663678169,0.02950563095510006,0.049415431916713715,0.04424764961004257,0.025062279775738716,0.02913893200457096,0.02476024441421032,0.025407854467630386,0.02639850229024887,0.049037396907806396,0.04815930873155594,0.08118979632854462,0.05241306126117706
23,16,0.9558578699827195,0.9575102925300598,1.1463847160339355,0.04108003154397011,0.04052238166332245,0.062031377106904984,0.039734091609716415,0.02091950923204422,0.029674263671040535,0.02345847524702549,0.025618452578783035,0.02917730063199997,0.04394007474184036,0.04497358947992325,0.07210437208414078,0.061844948679208755
23,17,0.9722681008279324,0.9575229287147522,1.1451319456100464,0.042660295963287354,0.030920717865228653,0.06942830234766006,0.044742751866579056,0.02102443017065525,0.028020411729812622,0.02212020568549633,0.02269795350730419,0.029515502974390984,0.05197153612971306,0.048385944217443466,0.08630245178937912,0.05394662171602249
23,18,0.9366339012980461,0.957327663898468,1.145308256149292,0.040273409336805344,0.034317586570978165,0.06998884677886963,0.034849196672439575,0.023141639307141304,0.02190498821437359,0.022454766556620598,0.02404244989156723,0.024662205949425697,0.049668412655591965,0.047384027391672134,0.07433672249317169,0.04908246546983719
23,19,1.0209947671741246,0.9555009603500366,1.1460403203964233,0.040304094552993774,0.036373548209667206,0.09399411827325821,0.04193757846951485,0.020381342619657516,0.02152632176876068,0.022903168573975563,0.01963682472705841,0.032143205404281616,0.06081625446677208,0.05101153627038002,0.10689228773117065,0.05276622995734215
23,20,0.982901643961668,0.9556607604026794,1.1456655263900757,0.037968769669532776,0.043379440903663635,0.09153100103139877,0.023730259388685226,0.02610793150961399,0.023342907428741455,0.023508410900831223,0.022784294560551643,0.0339927151799202,0.05635463818907738,0.04962029308080673,0.0719790831208229,0.058336641639471054
23,21,1.0171231415122748,0.9556542038917542,1.145810604095459,0.03812820091843605,0.03874664008617401,0.10429637134075165,0.024764960631728172,0.0203805323690176,0.022425301373004913,0.024424606934189796,0.02608179673552513,0.03488331288099289,0.05901365727186203,0.05408799648284912,0.08562114089727402,0.06397566199302673
23,22,1.0014484144747258,0.9555908441543579,1.1458641290664673,0.05086363106966019,0.029506055638194084,0.0961785763502121,0.024989865720272064,0.022366859018802643,0.020804407075047493,0.0233873650431633,0.027268214151263237,0.031091993674635887,0.06173628196120262,0.045526739209890366,0.08310621231794357,0.06433121860027313
23,23,1.0014658771455287,0.9551651477813721,1.1465901136398315,0.03103308007121086,0.0281321182847023,0.08764533698558807,0.02377745881676674,0.02252124808728695,0.0237753726541996,0.02465270645916462,0.025493282824754715,0.04991034418344498,0.06302992254495621,0.048604849725961685,0.08774665743112564,0.0647924467921257
23,24,0.9589465484023094,0.9556781649589539,1.1469069719314575,0.0369558222591877,0.023425646126270294,0.060625262558460236,0.02479679509997368,0.024580147117376328,0.02245660498738289,0.02426733262836933,0.02419542334973812,0.046274274587631226,0.06297123432159424,0.043902065604925156,0.08328185975551605,0.060697052627801895
24,0,31.43404213190079,0.95341956615448,1.1443812847137451,1.588985800743103,1.980002522468567,4.317807674407959,3.1856565475463867,1.4709043502807617,2.078136920928955,1.9300438165664673,4.606855869293213,2.2998149394989014,3.822526454925537,1.6843726634979248,0.7086319327354431,1.3407424688339233
24,1,6.16121544316411,0.9638682007789612,1.141076683998108,0.02575545571744442,2.3588199615478516,0.25812169909477234,1.8417575359344482,0.7489926218986511,0.024390293285250664,0.032349489629268646,0.0322880893945694,0.05085320398211479,0.11407433450222015,0.08985266089439392,0.0454685352742672,0.11750258505344391
24,2,1.7074100993573667,0.9605337381362915,1.1411449909210205,0.04923785850405693,0.19197742640972137,0.08838208764791489,0.06790656596422195,0.05672924593091011,0.03260071575641632,0.0441734604537487,0.0368255153298378,0.0415421724319458,0.2719797194004059,0.2376878261566162,0.07128499448299408,0.0967467650771141
24,3,2.4761801209300756,0.9569891691207886,1.140956163406372,0.4595085382461548,0.2978445291519165,0.03743902966380119,0.09995772689580917,0.027918005362153053,0.024427521973848343,0.04396596550941467,0.032259952276945114,0.06398791819810867,0.31480830907821655,0.125404492020607,0.4147253632545471,0.11434370279312134
24,4,2.230160193517804,0.9571288824081421,1.143882393836975,0.14274995028972626,0.7562152147293091,0.08977450430393219,0.07255343347787857,0.03876933082938194,0.02539166249334812,0.04547227919101715,0.0318235419690609,0.1417938619852066,0.18248051404953003,0.08881334215402603,0.09519389271736145,0.09892641007900238
24,5,2.2839182704687118,0.9539846181869507,1.142970085144043,0.09630781412124634,0.8665029406547546,0.07072360068559647,0.10617587715387344,0.03939773514866829,0.02786322869360447,0.04604422301054001,0.02966645173728466,0.18052811920642853,0.1353192776441574,0.09388668090105057,0.0563330240547657,0.1157783567905426
24,6,2.2337188355624678,0.9537376761436462,1.1432545185089111,0.048551179468631744,0.9339616894721985,0.07426871359348297,0.15524117648601532,0.03706848621368408,0.030473574995994568,0.042282965034246445,0.031865380704402924,0.1056935042142868,0.11560896039009094,0.06860432773828506,0.06233154237270355,0.1083688959479332
24,7,1.3453043777495624,0.9531992077827454,1.1444499492645264,0.06657491624355316,0.16873084008693695,0.06401059031486511,0.08472194522619247,0.023626308888196945,0.025785421952605247,0.033338434994220734,0.032870981842279434,0.14186285436153412,0.10250511020421982,0.05459919571876526,0.04567956551909447,0.0814683809876442
24,8,1.4097741950303315,0.952702522277832,1.145670771598816,0.03713752701878548,0.1695384830236435,0.06553744524717331,0.08592391014099121,0.024525972083210945,0.029086071997880936,0.03233006224036217,0.03434525057673454,0.17535251379013062,0.1738615781068802,0.0455043688416481,0.030395515263080597,0.08656083792448044
24,9,1.4073216624557974,0.9522532820701599,1.1451793909072876,0.03670845180749893,0.16082075238227844,0.06505340337753296,0.044830650091171265,0.020226065069437027,0.03200875595211983,0.03266875818371773,0.03532089293003082,0.21422141790390015,0.12588706612586975,0.04305259883403778,0.06776703149080276,0.10926928371191025
24,10,1.036743261665106,0.952393651008606,1.14534330368042,0.024121370166540146,0.024141576141119003,0.08097125589847565,0.046937160193920135,0.021787075325846672,0.02190723828971386,0.02881874330341816,0.02614736557006836,0.06536812335252762,0.14459837973117828,0.02473478950560093,0.0307791568338871,0.07688363641500473
24,11,1.0436501398682596,0.9527502655982971,1.1460652351379395,0.020843563601374626,0.023142600432038307,0.08283337950706482,0.048461828380823135,0.021501289680600166,0.020582325756549835,0.027653487399220467,0.02619950845837593,0.0737726017832756,0.14291395246982574,0.023554963991045952,0.026630451902747154,0.08579708635807037
24,12,1.0542871594429015,0.9527726769447327,1.1458297967910767,0.022547954693436623,0.025429803878068924,0.07364663481712341,0.04457874223589897,0.020555587485432625,0.024686655029654503,0.027849046513438225,0.023321347311139107,0.08090618252754211,0.14308273792266846,0.029938898980617523,0.025831108912825584,0.09219196438789368
24,13,1.0392330162227155,0.9527618885040283,1.1471859216690063,0.022852716967463493,0.02622900903224945,0.062421318143606186,0.03915654867887497,0.021372124552726746,0.02748742699623108,0.026945214718580246,0.02460148185491562,0.07466782629489899,0.147422656416893,0.028134016320109367,0.030616305768489838,0.08733680844306946
24,14,1.0559313468635083,0.9528815746307373,1.1457370519638062,0.02547883614897728,0.023162897676229477,0.042716383934020996,0.038709547370672226,0.02265057899057865,0.021557368338108063,0.028912987560033798,0.026202335953712463,0.07500771433115005,0.15954990684986115,0.027356594800949097,0.030143024399876595,0.11475944519042969
24,15,0.9979590009897947,0.9528884887695312,1.1451777219772339,0.02389274165034294,0.027180658653378487,0.041575219482183456,0.03529979661107063,0.023983372375369072,0.023557115346193314,0.030339481309056282,0.023629000410437584,0.0793539509177208,0.13194985687732697,0.028515229001641273,0.03015950694680214,0.07890982925891876
24,16,0.9764742948114873,0.952949047088623,1.145946741104126,0.023347852751612663,0.026476575061678886,0.038329437375068665,0.03719020634889603,0.02282482199370861,0.019913410767912865,0.0288066603243351,0.025329681113362312,0.08722981810569763,0.10125410556793213,0.027739880606532097,0.03307255357503891,0.0851801335811615
24,17,0.9666829142719507,0.9529483914375305,1.1460367441177368,0.024482998996973038,0.027769267559051514,0.04457750916481018,0.035781025886535645,0.022861598059535027,0.0216258242726326,0.02641628123819828,0.026960358023643494,0.08401554077863693,0.08362144976854324,0.027712581679224968,0.03600558638572693,0.0850558653473854
24,18,0.9912057783454657,0.9532569050788879,1.1463741064071655,0.027549732476472855,0.025295067578554153,0.03712954372167587,0.040705129504203796,0.02137666381895542,0.02386840060353279,0.027838008478283882,0.02653818391263485,0.08295082300901413,0.10736735165119171,0.02758963406085968,0.032114848494529724,0.0909561887383461
24,19,0.9803156655281783,0.9537997245788574,1.1463863849639893,0.02561159059405327,0.02889426052570343,0.031559307128190994,0.035016488283872604,0.01971014402806759,0.02201996184885502,0.02964821830391884,0.027727855369448662,0.08882546424865723,0.10275211930274963,0.032273974269628525,0.035743456333875656,0.08049560338258743
24,20,0.9916060514748097,0.953957200050354,1.1464507579803467,0.024019649252295494,0.02853468246757984,0.03726564720273018,0.029419105499982834,0.023756785318255424,0.022512057796120644,0.02758423425257206,0.02542358823120594,0.08088649064302444,0.11946959793567657,0.02999192103743553,0.0352846123278141,0.08737608790397644
24,21,0.9846632272005081,0.9540821313858032,1.1464613676071167,0.0209092665463686,0.028839796781539917,0.0376356840133667,0.032083094120025635,0.022231105715036392,0.024932950735092163,0.027033014222979546,0.026276085525751114,0.0912935733795166,0.11683651804924011,0.029452897608280182,0.0350121334195137,0.07201840728521347
24,22,1.0269935872405767,0.9542837142944336,1.1467562913894653,0.023476816713809967,0.029109640046954155,0.04469851404428482,0.03479918837547302,0.02203410118818283,0.023713931441307068,0.02679121308028698,0.026335565373301506,0.08746042102575302,0.13656017184257507,0.02568189799785614,0.03603055700659752,0.09009356796741486
24,23,1.0384840302169323,0.9538295865058899,1.1463574171066284,0.026207730174064636,0.029097454622387886,0.044073548167943954,0.04034007340669632,0.021609051153063774,0.02085462585091591,0.03197776526212692,0.023173369467258453,0.09442314505577087,0.13052967190742493,0.032674577087163925,0.044873498380184174,0.07861211895942688
25,0,29.981549406051634,0.9554615020751953,1.146030306816101,1.5519613027572632,1.2101157903671265,3.7327632904052734,3.248225212097168,1.9662363529205322,1.7077257633209229,1.9216203689575195,4.324721336364746,1.2730615139007568,3.992117166519165,1.5682322978973389,0.9937347173690796,2.0707359313964844
25,1,5.554508613795042,0.9730483889579773,1.1678493022918701,0.024599548429250717,1.259528636932373,0.1519104242324829,2.3156871795654297,0.5255246758460999,0.026198700070381165,0.036737702786922455,0.029544606804847717,0.1862618774175644,0.36887145042419434,0.049114130437374115,0.02974826842546463,0.12260187417268753
25,2,1.7023212168365718,0.9606067538261414,1.152062177658081,0.06566285341978073,0.0550541989505291,0.1313454657793045,0.0352008119225502,0.02851436845958233,0.028038162738084793,0.04067504033446312,0.04249384254217148,0.5257047414779663,0.13930045068264008,0.11108158528804779,0.02872992679476738,0.0479859821498394
25,3,2.106109930947423,0.9605737328529358,1.1495052576065063,0.03758099302649498,0.059195082634687424,0.23904822766780853,0.04294648766517639,0.035477638244628906,0.028194766491651535,0.04218249022960663,0.04244779422879219,0.8304380774497986,0.06763505190610886,0.18074394762516022,0.024305501952767372,0.053898073732852936
25,4,2.537709002196789,0.955676257610321,1.143527865409851,0.025114476680755615,0.02168302796781063,0.17949363589286804,0.0450529120862484,0.0565611869096756,0.023783165961503983,0.030068058520555496,0.02753814496099949,1.2667495012283325,0.09930676221847534,0.26588043570518494,0.023468248546123505,0.05316862091422081
25,5,1.9698247518390417,0.9554120898246765,1.1452341079711914,0.023862771689891815,0.027492152526974678,0.07528801262378693,0.1095450296998024,0.030002960935235023,0.02569350227713585,0.0317075215280056,0.029227634891867638,0.7844654321670532,0.06991548836231232,0.2483222335577011,0.03763338923454285,0.0565393827855587
25,6,1.5074071623384953,0.9561099410057068,1.1446763277053833,0.13116247951984406,0.025132209062576294,0.07936932146549225,0.03754059970378876,0.02819622866809368,0.025642700493335724,0.027022449299693108,0.031711529940366745,0.32908520102500916,0.05534399300813675,0.09725591540336609,0.035079073160886765,0.18470820784568787
25,7,1.856064420938492,0.956692636013031,1.1435980796813965,0.4685019850730896,0.04577425494790077,0.03777692839503288,0.05431012064218521,0.023854181170463562,0.02679223008453846,0.030316049233078957,0.028290126472711563,0.3978377878665924,0.08563417196273804,0.09801433980464935,0.03490591049194336,0.10399819165468216
25,8,1.9508017864078284,0.956841230392456,1.1445841789245605,0.5903062224388123,0.036922745406627655,0.03523459658026695,0.048416439443826675,0.02475046180188656,0.028733305633068085,0.02806214615702629,0.030361175537109375,0.37446993589401245,0.08309794962406158,0.09938798099756241,0.035809796303510666,0.11496394872665405
25,9,1.7059101145714521,0.9568489193916321,1.1446537971496582,0.6453734636306763,0.032797325402498245,0.03202923387289047,0.033542338758707047,0.023115329444408417,0.02332017943263054,0.029781073331832886,0.023663772270083427,0.18568465113639832,0.08062339574098587,0.026556409895420074,0.03117617592215538,0.11794622242450714
25,10,1.1223298713564873,0.9569751024246216,1.148506760597229,0.03532109037041664,0.03919436037540436,0.03418434038758278,0.11080830544233322,0.02238621562719345,0.02528892084956169,0.028659649193286896,0.0224322397261858,0.19222748279571533,0.07276535034179688,0.023874802514910698,0.035970062017440796,0.05812067911028862
25,11,1.1838185507804155,0.9565500617027283,1.149712085723877,0.041854310780763626,0.04992471635341644,0.03239722549915314,0.17456039786338806,0.024583714082837105,0.02623031474649906,0.0247147586196661,0.02472292073071003,0.18034079670906067,0.0750458687543869,0.02526661939918995,0.032290782779455185,0.05063369497656822
25,12,1.0758582647889852,0.9554348587989807,1.1504489183425903,0.047268979251384735,0.05048931762576103,0.1077805757522583,0.03223448619246483,0.02306688204407692,0.02705203928053379,0.027068283408880234,0.02466822974383831,0.11730922758579254,0.07306847721338272,0.02679942362010479,0.04519382491707802,0.05268176272511482
25,13,1.066571893915534,0.9567974805831909,1.149803876876831,0.040370650589466095,0.13686490058898926,0.0354665145277977,0.02597671188414097,0.02525581791996956,0.026248160749673843,0.02363326959311962,0.026725882664322853,0.11345739662647247,0.07865042239427567,0.026134777814149857,0.04095710813999176,0.04551000893115997
25,14,0.8767330657690764,0.9562397003173828,1.1499210596084595,0.039370112121105194,0.030806854367256165,0.03518825024366379,0.03320060670375824,0.026721909642219543,0.024758249521255493,0.02304903417825699,0.02292829193174839,0.0249540526419878,0.0828777402639389,0.030069218948483467,0.03212152421474457,0.04945506900548935
25,15,0.8641915254294872,0.9561262130737305,1.1499214172363281,0.03412312641739845,0.03150251507759094,0.03742574155330658,0.029756266623735428,0.01996602490544319,0.025803077965974808,0.025233251973986626,0.026047661900520325,0.023763198405504227,0.07526908814907074,0.04025624319911003,0.026920048519968987,0.04691575467586517
25,16,0.8869361616671085,0.9559188485145569,1.1500011682510376,0.03478829935193062,0.03425711765885353,0.04462479427456856,0.03164565563201904,0.023022308945655823,0.023794949054718018,0.02759130485355854,0.022300641983747482,0.023067783564329147,0.06852705776691437,0.047615982592105865,0.026382071897387505,0.05813419073820114
25,17,0.8941216509789229,0.9560183882713318,1.1500135660171509,0.034260235726833344,0.035992905497550964,0.03863757476210594,0.026574302464723587,0.020844394341111183,0.024865714833140373,0.027414992451667786,0.022629473358392715,0.023158321157097816,0.06844723969697952,0.05137770250439644,0.025776918977499008,0.07293548434972763
25,18,0.9094875123351812,0.9569694399833679,1.1502158641815186,0.03180026635527611,0.03668192774057388,0.044298309832811356,0.029460716992616653,0.023119697347283363,0.026245281100273132,0.030107056722044945,0.02549545280635357,0.024774296209216118,0.07041727751493454,0.05133673921227455,0.02612118609249592,0.0681922435760498
25,19,0.9179935030639172,0.957201361656189,1.1495723724365234,0.03105831705033779,0.03674783185124397,0.05328741297125816,0.028459753841161728,0.025019144639372826,0.023071907460689545,0.026063159108161926,0.027121348306536674,0.024557646363973618,0.0553850494325161,0.0689278393983841,0.026517173275351524,0.07042217254638672
25,20,0.9153195824474096,0.9572528004646301,1.148280382156372,0.03537730127573013,0.03919730708003044,0.05066997930407524,0.02771972306072712,0.021549342200160027,0.022975366562604904,0.02340792864561081,0.02194608747959137,0.02320029027760029,0.0518459752202034,0.07148941606283188,0.023694105446338654,0.08114012330770493
25,21,0.9389194682240486,0.9561832547187805,1.1480307579040527,0.030781451612710953,0.032880667597055435,0.054805412888526917,0.028411773964762688,0.023882603272795677,0.023657795041799545,0.02629004791378975,0.0220333281904459,0.024323830381035805,0.0647193193435669,0.07897188514471054,0.023998260498046875,0.08332028985023499
26,0,30.396765434741972,0.9554615020751953,1.146030306816101,2.0332391262054443,1.3352644443511963,4.434590816497803,2.9572062492370605,1.6020699739456177,2.447425127029419,1.1374831199645996,3.8171262741088867,1.9526269435882568,4.001701354980469,1.6629801988601685,0.6054883599281311,1.9892650842666626
26,1,5.9139656037092205,0.9542872905731201,1.1421939134597778,0.0439608059823513,0.05530738830566406,2.201479911804199,0.07802414149045944,0.046320732682943344,0.3124393820762634,0.041487663984298706,0.0687001496553421,2.123025417327881,0.1235189363360405,0.09540916234254837,0.05253775417804718,0.2524579167366028
26,2,3.544125398993492,0.956815779209137,1.1476801633834839,0.07667012512683868,0.07374313473701477,1.6649768352508545,0.055858708918094635,0.03202664852142334,0.406868040561676,0.025068674236536026,0.03747854009270668,0.07417295128107071,0.3222667872905731,0.12178001552820206,0.13121594488620758,0.10109980404376984
26,3,1.730024531111121,0.9560198187828064,1.1510924100875854,0.09385274350643158,0.09074544161558151,0.09094049036502838,0.05655784532427788,0.03662137687206268,0.033859167248010635,0.02917434647679329,0.02848951704800129,0.04571045935153961,0.4352823495864868,0.07787971943616867,0.13821765780448914,0.15127097070217133
26,4,2.457107001543045,0.9554570913314819,1.1477477550506592,0.14882010221481323,0.24991247057914734,0.061911992728710175,0.500600278377533,0.03474751114845276,0.05614478886127472,0.03925127163529396,0.033683158457279205,0.03920835629105568,0.5252917408943176,0.12224335223436356,0.12352235615253448,0.10112865269184113
26,5,2.071349673345685,0.9551612138748169,1.144929051399231,0.11137644201517105,0.3888213634490967,0.19910192489624023,0.1655910462141037,0.023569241166114807,0.07479999214410782,0.03130219504237175,0.0296544898301363,0.03270390257239342,0.3420422673225403,0.12017013877630234,0.062042005360126495,0.07015661150217056
26,6,2.242950191348791,0.9560602903366089,1.1466772556304932,0.184027761220932,0.37172865867614746,0.22337308526039124,0.20443181693553925,0.02658063918352127,0.02287467196583748,0.02669568732380867,0.03218691796064377,0.034161265939474106,0.4057435989379883,0.18468022346496582,0.04393543675541878,0.06198291853070259
26,7,1.9658073022961617,0.9551723003387451,1.148511528968811,0.02528374269604683,0.4336823523044586,0.18360958993434906,0.1721583753824234,0.02225819043815136,0.03122221678495407,0.03490326926112175,0.02985752373933792,0.027199147269129753,0.3905295133590698,0.07828467339277267,0.041035544127225876,0.07504639774560928
26,8,1.6757050532847644,0.953712522983551,1.1472601890563965,0.02487657219171524,0.3941941559314728,0.1205168142914772,0.1373736560344696,0.023458797484636307,0.032639067620038986,0.03408617526292801,0.03226883336901665,0.030698316171765327,0.15499816834926605,0.07274430990219116,0.03715452179312706,0.1605011224746704
26,9,1.3505489096045493,0.9537826180458069,1.1489009857177734,0.0234548170119524,0.08380720764398575,0.12314039468765259,0.11423136293888092,0.02526119537651539,0.033478591591119766,0.030264873057603836,0.029053661972284317,0.026772672310471535,0.1595366895198822,0.09669582545757294,0.02596842311322689,0.15834647417068481
26,10,1.6854981996119023,0.952742338180542,1.1483049392700195,0.03973831981420517,0.1543314903974533,0.3684629201889038,0.12458653748035431,0.024016251787543297,0.027783289551734924,0.02859010547399521,0.030005095526576042,0.025894995778799057,0.25115007162094116,0.05950646102428436,0.040028829127550125,0.09119437634944916
26,11,1.6360909208655356,0.9526945352554321,1.1489999294281006,0.03819073736667633,0.15282417833805084,0.47495728731155396,0.027719493955373764,0.023845117539167404,0.02393137291073799,0.025484737008810043,0.02512815035879612,0.026225576177239418,0.20126107335090637,0.06079518795013428,0.04244828596711159,0.09294082969427109
26,12,1.9315397880971432,0.9529294371604919,1.150110125541687,0.03831154853105545,0.18839383125305176,0.6770402789115906,0.027433019131422043,0.023459091782569885,0.025575557723641396,0.027212906628847122,0.02882922627031803,0.026950135827064514,0.2765576243400574,0.05019446834921837,0.03163515403866768,0.08933903276920319
26,13,2.4604104809463023,0.9530520439147949,1.1472405195236206,0.04549140855669975,0.19738219678401947,1.1111743450164795,0.027379292994737625,0.02090444229543209,0.02295486070215702,0.023470662534236908,0.038078147917985916,0.035798024386167526,0.22462426126003265,0.16329199075698853,0.046900298446416855,0.08290203660726547
26,14,2.122545113787055,0.9530419111251831,1.1466032266616821,0.02771833725273609,0.060690779238939285,1.1337981224060059,0.03218109533190727,0.021776381880044937,0.022923069074749947,0.025267688557505608,0.029185576364398003,0.026751944795250893,0.17093145847320557,0.02655983716249466,0.042731039226055145,0.0821007564663887
26,15,2.2230733416974546,0.9536371827125549,1.1459811925888062,0.02569010481238365,0.06165723130106926,1.1811126470565796,0.02892204374074936,0.021249184384942055,0.027326101437211037,0.023306796327233315,0.03160912171006203,0.025891060009598732,0.20883260667324066,0.025921937078237534,0.050935473293066025,0.09069535881280899
27,0,33.241920709609985,0.9530025720596313,1.154571771621704,1.4024330377578735,1.7433421611785889,3.84391188621521,3.404409646987915,1.8631023168563843,2.78891658782959,1.4913833141326904,4.175615310668945,2.077133893966675,5.33743143081665,1.993675947189331,0.9329516887664795,1.7660986185073853
27,1,8.23924554400146,0.9641506671905518,1.1482949256896973,0.11635911464691162,0.03503398224711418,0.850206732749939,1.3763797283172607,0.08351320773363113,0.06997906416654587,0.028655225411057472,0.08510567247867584,0.04391631484031677,4.885918617248535,0.0671471580862999,0.07847525179386139,0.09606635570526123
27,2,2.8065420664846896,0.9649248123168945,1.1483007669448853,0.03850838541984558,0.040667422115802765,0.21987174451351166,0.3229709565639496,0.05699671059846878,0.50955730676651,0.042522914707660675,0.035039305686950684,0.20931951701641083,0.18197867274284363,0.04479081556200981,0.08503779768943787,0.5966354012489319
27,3,2.027491942048073,0.9596751928329468,1.1510945558547974,0.0692148506641388,0.05959682539105415,0.17854541540145874,0.3832968771457672,0.053137168288230896,0.03399384766817093,0.04137561097741127,0.03687455505132675,0.19699381291866302,0.08486169576644897,0.06840050965547562,0.051383063197135925,0.3476637601852417
27,4,2.0801292583346367,0.9575486779212952,1.1485447883605957,0.15957720577716827,0.05028026923537254,0.31270018219947815,0.31169283390045166,0.10582467913627625,0.0474529005587101,0.027247490361332893,0.030540799722075462,0.12998048961162567,0.14296208322048187,0.0719991996884346,0.0954301729798317,0.17322225868701935
27,5,1.982574611157179,0.9597713947296143,1.1469842195510864,0.17302367091178894,0.03503859043121338,0.18580102920532227,0.3290145695209503,0.08352243155241013,0.0526389479637146,0.033075544983148575,0.029401488602161407,0.13151463866233826,0.13312983512878418,0.06345269829034805,0.09513115882873535,0.2164788842201233
27,6,1.8005649343132972,0.9562671184539795,1.1435238122940063,0.30505064129829407,0.0421687476336956,0.1573992818593979,0.07753680646419525,0.062289465218782425,0.05373616889119148,0.034805603325366974,0.028855234384536743,0.16021628677845,0.19980576634407043,0.03570554032921791,0.03282856196165085,0.19020864367485046
27,7,3.131439258158207,0.955045759677887,1.1438424587249756,0.2926277220249176,0.0480964332818985,0.15107880532741547,0.061951469630002975,0.051101215183734894,0.036773622035980225,0.032870057970285416,0.027053382247686386,0.1368616372346878,1.4882158041000366,0.06225245073437691,0.04224403202533722,0.2805349826812744
27,8,3.067525262385607,0.9550533890724182,1.1430737972259521,0.06406916677951813,0.026132062077522278,0.14692890644073486,0.058436356484889984,0.04067869856953621,0.034131553024053574,0.02619582787156105,0.031406551599502563,0.04313845559954643,1.9904206991195679,0.035208266228437424,0.023200377821922302,0.12795290350914001
27,9,2.5506632521748545,0.9572136998176575,1.1431092023849487,0.06584573537111282,0.023558102548122406,0.1392342448234558,0.05797715485095978,0.04482252150774002,0.038993868976831436,0.029213739559054375,0.026229018345475197,0.04984568804502487,1.4410617351531982,0.042127396911382675,0.024608314037322998,0.1470811516046524
27,10,3.1349941533058883,0.9586401581764221,1.1436736583709717,0.06648021191358566,0.024134352803230286,0.08230138570070267,0.04835350811481476,0.034645140171051025,0.04635827615857124,0.026900459080934525,0.024543093517422676,0.042824599891901016,2.0961649417877197,0.04974359646439552,0.02924748882651329,0.14283433556556702
27,11,2.5756009671837092,0.9579662084579468,1.1432702541351318,0.06283029168844223,0.024779360741376877,0.07259681075811386,0.046559929847717285,0.03542112559080124,0.042260460555553436,0.027757134288549423,0.02577059715986252,0.05137020722031593,1.5554348230361938,0.05104917287826538,0.025259843096137047,0.13426391780376434
27,12,3.56678605414927,0.9588923454284668,1.143296241760254,0.10427913069725037,0.02840675413608551,0.07037049531936646,0.0458497479557991,0.036155425012111664,0.03873458504676819,0.021859874948859215,0.02753477916121483,0.04622214660048485,2.6089847087860107,0.03724177926778793,0.024508949369192123,0.05619996041059494
28,0,31.510699295997618,0.9554615020751953,1.146030306816101,1.577056646347046,1.7560397386550903,3.3977644443511963,3.789642572402954,1.889782190322876,2.1221742630004883,1.7567932605743408,3.9092438220977783,1.9616996049880981,4.126172065734863,2.0496103763580322,1.12132728099823,1.6330946683883667
28,1,4.100326180458069,0.9543684124946594,1.1401277780532837,0.025286631658673286,0.07991528511047363,0.706509530544281,0.05026158690452576,0.09155552834272385,0.0664505660533905,0.02753429114818573,0.028636226430535316,2.2419826984405518,0.1993367075920105,0.04134746268391609,0.025867685675621033,0.09674274176359177
28,2,1.7638767872005703,0.9543193578720093,1.1456313133239746,0.029273301362991333,0.0987006351351738,0.13531345129013062,0.16701287031173706,0.09097547829151154,0.03754385560750961,0.026966186240315437,0.029136717319488525,0.039555586874485016,0.37769344449043274,0.1340470314025879,0.03564521670341492,0.14202287793159485
28,3,2.428046985343099,0.9521276354789734,1.1465996503829956,0.0416216142475605,0.12026827037334442,0.10712148994207382,0.4832756221294403,0.1192951500415802,0.024287696927785873,0.02586347609758377,0.029164424166083336,0.028798095881938934,0.5188884139060974,0.24676473438739777,0.04457496479153633,0.21837757527828217
28,4,1.4768227342516185,0.9606509804725647,1.1456903219223022,0.033204615116119385,0.03149176388978958,0.03954947739839554,0.12109079957008362,0.02395693026483059,0.032353803515434265,0.02598184160888195,0.030587514862418175,0.03455667570233345,0.19266267120838165,0.34517964720726013,0.05977766588330269,0.08516106754541397
28,5,1.54075645506382,0.9605818390846252,1.1462440490722656,0.031886350363492966,0.029656970873475075,0.060517460107803345,0.10845795273780823,0.030581748113036156,0.03186308965086937,0.029780125245451927,0.028266029432415962,0.03559255599975586,0.2253786027431488,0.3516002297401428,0.07129168510437012,0.08451847732067108
28,6,1.2901047628372908,0.9607637524604797,1.1492680311203003,0.03302059322595596,0.025448869913816452,0.054040756076574326,0.08448681235313416,0.0274257343262434,0.033790141344070435,0.023824753239750862,0.027028443291783333,0.030065830796957016,0.08936174213886261,0.3058620095252991,0.057579658925533295,0.07616306096315384
28,7,1.0612435884773732,0.960322380065918,1.1486549377441406,0.024567630141973495,0.042072635143995285,0.06647095084190369,0.08838923275470734,0.029069267213344574,0.022173309698700905,0.028769154101610184,0.029513826593756676,0.028541039675474167,0.07321444898843765,0.05181816592812538,0.07998216152191162,0.07486630231142044
28,8,1.1711065646260976,0.9618383646011353,1.1480019092559814,0.029079116880893707,0.04987051710486412,0.0687331110239029,0.14097729325294495,0.02472100220620632,0.02538270317018032,0.025728469714522362,0.030305305495858192,0.026790907606482506,0.09112793207168579,0.05195695161819458,0.07945859432220459,0.10500660538673401
28,9,1.254507092386484,0.959646999835968,1.1475224494934082,0.027746550738811493,0.04858454689383507,0.12632499635219574,0.16464897990226746,0.02614099159836769,0.02335606887936592,0.030523329973220825,0.028885314241051674,0.02572735957801342,0.10095053166151047,0.0468815341591835,0.075504831969738,0.10779816657304764
28,10,1.3287785138934851,0.9586378335952759,1.1465513706207275,0.023750144988298416,0.06244320794939995,0.1281988024711609,0.15986168384552002,0.027676286175847054,0.023894639685750008,0.026829812675714493,0.029102405533194542,0.024408448487520218,0.16832849383354187,0.03872021660208702,0.09647461026906967,0.09805192053318024
28,11,1.2026969868689776,0.9590545296669006,1.1459569931030273,0.026722118258476257,0.05718322843313217,0.16848425567150116,0.09525925666093826,0.02287229895591736,0.026961835101246834,0.02760547213256359,0.029705967754125595,0.029311539605259895,0.08427535742521286,0.04368307814002037,0.07233648002147675,0.09729379415512085
28,12,1.2259258873760701,0.9591587781906128,1.1474671363830566,0.028476960957050323,0.06684457510709763,0.1517697125673294,0.09389272332191467,0.029211731627583504,0.023350723087787628,0.02498810924589634,0.028167201206088066,0.02903071977198124,0.10426600277423859,0.03396446257829666,0.06653355062007904,0.12410423159599304
28,13,1.201009587571025,0.9595335125923157,1.1474155187606812,0.05894085392355919,0.05700678378343582,0.15146148204803467,0.04665866494178772,0.024761904031038284,0.023839585483074188,0.027370797470211983,0.03324641287326813,0.047644369304180145,0.03795163333415985,0.032457295805215836,0.08565264940261841,0.1526273488998413
29,0,33.56517490148544,0.9554615020751953,1.146030306816101,1.2646794319152832,2.0089240074157715,3.1484556198120117,3.278728723526001,2.2585248947143555,3.3374314308166504,1.5199319124221802,3.6403603553771973,2.350614309310913,4.388032913208008,3.2005088329315186,0.42456310987472534,2.3241209983825684
29,1,4.678365930914879,0.9521049857139587,1.1400588750839233,0.1205306425690651,0.2727132737636566,0.7997074127197266,0.22403040528297424,0.058257848024368286,0.08378315716981888,0.04063579440116882,0.042748622596263885,2.1466541290283203,0.06677795946598053,0.18651950359344482,0.0952623263001442,0.12231208384037018
29,2,2.820943704620004,0.9524171352386475,1.140571117401123,0.07523369044065475,0.6017295718193054,0.17951840162277222,0.29099828004837036,0.02430662140250206,0.07942843437194824,0.030647018924355507,0.043613262474536896,0.0440312959253788,0.04523950815200806,0.23233947157859802,0.2823280990123749,0.4729323983192444
29,3,2.1683554027229546,0.9526545405387878,1.1441658735275269,0.06737888604402542,0.666746199131012,0.12443316727876663,0.027833720669150352,0.02945711649954319,0.030775077641010284,0.028576603159308434,0.03572985157370567,0.0393788106739521,0.046560175716876984,0.2252032458782196,0.3719165027141571,0.055001962929964066
29,4,1.2299283169209958,0.955839216709137,1.144960641860962,0.02923686057329178,0.17216002941131592,0.11930825561285019,0.037205614149570465,0.08377053588628769,0.029490776360034943,0.030181601643562317,0.029226072132587433,0.024549465626478195,0.03787555173039436,0.02568161115050316,0.0776745080947876,0.11340746283531189
29,5,1.3561107937246561,0.9547502398490906,1.1436258554458618,0.03382773697376251,0.1352156102657318,0.06857568025588989,0.1405019313097,0.023878075182437897,0.02698122151196003,0.028160763904452324,0.02633705548942089,0.03149748593568802,0.08165507763624191,0.03459934517741203,0.0848676785826683,0.2203379124403
29,6,1.3793608643114568,0.9541730880737305,1.1436641216278076,0.028200840577483177,0.04119537025690079,0.06443645060062408,0.15306679904460907,0.03467782214283943,0.028250299394130707,0.02430972084403038,0.02999015338718891,0.030635792762041092,0.09575758874416351,0.043979160487651825,0.0764695405960083,0.3088238835334778
29,7,1.8384118519723416,0.9554635882377625,1.1443471908569336,0.0297699011862278,0.030362354591488838,0.42333805561065674,0.027055006474256516,0.023825278505682945,0.020909037441015244,0.028456911444664,0.024573449045419693,0.052487775683403015,0.16454729437828064,0.04973619803786278,0.09635338932275772,0.4470350444316864
29,8,1.9264651287347079,0.956693708896637,1.1450566053390503,0.02510490082204342,0.04933541268110275,0.6886312365531921,0.027662906795740128,0.02456982061266899,0.02506205067038536,0.025322457775473595,0.023729775100946426,0.03222527354955673,0.1484140157699585,0.030389836058020592,0.09882624447345734,0.3068411350250244
29,9,1.770909721031785,0.9569054245948792,1.1446235179901123,0.024421067908406258,0.07264168560504913,0.5177735686302185,0.02734738029539585,0.023142468184232712,0.023679152131080627,0.022203847765922546,0.02809273824095726,0.02627241052687168,0.1684150993824005,0.02832670882344246,0.10396190732717514,0.28432589769363403
29,10,1.8789542090147733,0.958696186542511,1.1455615758895874,0.02821595035493374,0.06589381396770477,0.4653061330318451,0.028142983093857765,0.02375257946550846,0.023993128910660744,0.025637680664658546,0.025432851165533066,0.02312370389699936,0.16930215060710907,0.03988606110215187,0.11548211425542831,0.4239335060119629
30,0,31.788584315776824,0.9593258500099182,1.1472731828689575,1.4762012958526611,1.5410218238830566,3.975539207458496,3.202139139175415,1.867140531539917,2.3082468509674072,1.6312414407730103,4.46174430847168,2.210404634475708,3.3258938789367676,2.2899084091186523,1.2527146339416504,1.8250683546066284
30,1,4.2701970063149925,0.9666075706481934,1.1826732158660889,0.028237808495759964,0.02864750660955906,0.9442534446716309,0.04321489855647087,0.04166154935956001,0.09703246504068375,0.029235029593110085,0.03618161752820015,2.3026397228240967,0.08115553110837936,0.06370396912097931,0.05456966906785965,0.08980763703584671
30,2,1.8944084130227565,0.9593695998191833,1.1827558279037476,0.031792834401130676,0.04749056696891785,0.12550419569015503,0.0481966994702816,0.05852760374546051,0.02412540465593338,0.04025821387767792,0.0325588583946228,0.4140637218952179,0.2470863163471222,0.07657313346862793,0.09466826170682907,0.22513751685619354
30,3,2.2174784507602454,0.9548564553260803,1.1560893058776855,0.021810755133628845,0.06011839583516121,0.19559571146965027,0.0736670047044754,0.056738708168268204,0.022696414962410927,0.0324905626475811,0.03256974369287491,0.1416671723127365,0.3602529764175415,0.04895603656768799,0.0851917713880539,0.6635340452194214
30,4,1.506575122103095,0.9535843729972839,1.1550763845443726,0.0698997974395752,0.05587432160973549,0.09318418055772781,0.03380158916115761,0.11125129461288452,0.02880949340760708,0.02966957539319992,0.03137187287211418,0.15687453746795654,0.06575951725244522,0.07077977806329727,0.034846168011426926,0.302720844745636
30,5,1.5611758124083281,0.9542030692100525,1.1496247053146362,0.03553970903158188,0.06695094704627991,0.17623485624790192,0.034306272864341736,0.10911763459444046,0.0330321379005909,0.03021365962922573,0.037720512598752975,0.16610991954803467,0.08015961199998856,0.05144019424915314,0.03593946993350983,0.2836453318595886
30,6,1.4714994989335537,0.9535925388336182,1.150967001914978,0.04195725545287132,0.06634598225355148,0.1823786050081253,0.04144562408328056,0.07466700673103333,0.031940825283527374,0.028826238587498665,0.03095446713268757,0.144512340426445,0.07962635159492493,0.06155427545309067,0.03970318287611008,0.22667543590068817
30,7,1.2970216572284698,0.9536162614822388,1.1560418605804443,0.02664397656917572,0.07529347389936447,0.04360935464501381,0.05956225469708443,0.060268472880125046,0.02887915074825287,0.03197501599788666,0.031455446034669876,0.12348977476358414,0.07473435252904892,0.043971359729766846,0.03222450613975525,0.2429828941822052
30,8,1.2482191834598781,0.9530980587005615,1.1539992094039917,0.03828604519367218,0.08926443755626678,0.04998908191919327,0.16233687102794647,0.073311947286129,0.027849668636918068,0.03341061994433403,0.02819572389125824,0.15017953515052795,0.0677722916007042,0.03694797679781914,0.037842538207769394,0.031412992626428604
30,9,1.1712985463440417,0.9549586176872253,1.1532354354858398,0.04072653874754906,0.09043797850608826,0.0494132861495018,0.10242944955825806,0.06489893794059753,0.02966545894742012,0.03103020414710045,0.0322038009762764,0.12191970646381378,0.0700867623090744,0.04197563976049423,0.04017280414700508,0.03469916805624962
30,10,1.163103275746107,0.9560722708702087,1.1526501178741455,0.07779354602098465,0.07115716487169266,0.05160725489258766,0.0962836965918541,0.06429673731327057,0.022987836971879005,0.027830494567751884,0.02943490259349346,0.09687600284814835,0.07796506583690643,0.07121952623128891,0.023674413561820984,0.030232155695557594
30,11,0.9509757116436959,0.9565345048904419,1.152623176574707,0.04662802070379257,0.04959598556160927,0.052583787590265274,0.06614696979522705,0.030756156891584396,0.02226122096180916,0.02534937486052513,0.027981825172901154,0.05095824971795082,0.06182040274143219,0.031806159764528275,0.030749313533306122,0.032506708055734634
30,12,0.9754203647375107,0.9563177227973938,1.1519734859466553,0.060312993824481964,0.04725060611963272,0.05097724497318268,0.05896329507231712,0.02772732451558113,0.021551618352532387,0.02988293766975403,0.02537037618458271,0.05683355778455734,0.05721842497587204,0.02654704824090004,0.05381937325000763,0.03730732202529907
30,13,1.0426059901714324,0.9569838643074036,1.1478615999221802,0.06224144622683525,0.04977283254265785,0.061553508043289185,0.06909411400556564,0.026335561648011208,0.021657662466168404,0.025573913007974625,0.024850476533174515,0.047811392694711685,0.0721132680773735,0.025855381041765213,0.0914149358868599,0.04336240515112877
30,14,1.060854420810938,0.9560377597808838,1.1476173400878906,0.06615741550922394,0.047184210270643234,0.05831863731145859,0.06472226232290268,0.028849836438894272,0.02252868190407753,0.025746352970600128,0.026919987052679062,0.050314683467149734,0.07559012621641159,0.031319811940193176,0.09115985035896301,0.05131154507398605
30,15,1.1487583097070457,0.9560393691062927,1.147346019744873,0.08013680577278137,0.06460566818714142,0.06529862433671951,0.06872298568487167,0.034256577491760254,0.021636370569467545,0.03035057708621025,0.027769071981310844,0.053116265684366226,0.07378058135509491,0.033547695726156235,0.12430192530155182,0.05055808275938034
30,16,1.2414089310914278,0.9558888077735901,1.1472971439361572,0.05242302268743515,0.039721906185150146,0.06126420572400093,0.08452294766902924,0.028323831036686897,0.024159884080290794,0.02526286616921425,0.02554926835000515,0.04652469605207443,0.07701718062162399,0.04005829617381096,0.24401192367076874,0.07193171232938766
30,17,1.3097284208983182,0.9556072354316711,1.1473833322525024,0.04955600947141647,0.03928512707352638,0.06776615232229233,0.0666370540857315,0.023731935769319534,0.022722024470567703,0.025172386318445206,0.02390584535896778,0.06049010530114174,0.08653182536363602,0.03426174819469452,0.3130641579627991,0.07600593566894531
31,0,31.804143393039702,0.9554615020751953,1.146030306816101,1.2047007083892822,1.829467535018921,3.7769341468811035,2.976153612136841,2.658233880996704,2.9421823024749756,1.6843527555465698,4.230800628662109,2.040691614151001,3.2411789894104004,2.0540401935577393,0.9188165068626404,1.8262921571731567
31,1,6.77583738155663,0.9529908299446106,1.1442593336105347,0.13132432103157043,1.81667160987854,0.39074215292930603,1.8005183935165405,1.394872784614563,0.04379004240036011,0.02777750790119171,0.030153749510645866,0.06190839409828186,0.07594937831163406,0.038731951266527176,0.45312923192977905,0.09081783145666122
31,2,2.231366426125169,0.9534628987312317,1.1429399251937866,0.3457825183868408,0.14083440601825714,0.31728118658065796,0.036481764167547226,0.1507713496685028,0.05388026684522629,0.059495266526937485,0.03062611259520054,0.0487341545522213,0.12172207981348038,0.024088643491268158,0.4256986081600189,0.05668950453400612
31,3,2.037565490603447,0.9535003900527954,1.1426172256469727,0.04059893265366554,0.03040120378136635,0.4810463488101959,0.03407180681824684,0.2062683403491974,0.055528584867715836,0.0408051498234272,0.047977905720472336,0.1485287994146347,0.22100350260734558,0.1243698000907898,0.0665062665939331,0.12123532593250275
31,4,1.6620168615132571,0.9548513293266296,1.1424068212509155,0.03166208043694496,0.029371371492743492,0.2704230546951294,0.13857728242874146,0.023868650197982788,0.03400271758437157,0.0418282076716423,0.029041022062301636,0.13112159073352814,0.2313033789396286,0.11075365543365479,0.05356377735733986,0.11704844236373901
31,5,1.557256743311882,0.9552937746047974,1.1414027214050293,0.13429394364356995,0.05613638460636139,0.1489253044128418,0.09843692183494568,0.02564624324440956,0.026500392705202103,0.03868105262517929,0.04138227179646492,0.17939947545528412,0.178617462515831,0.05378546938300133,0.03423041105270386,0.1218821108341217
31,6,1.4349342931061984,0.9546065330505371,1.1416455507278442,0.20813530683517456,0.05534277856349945,0.1127774566411972,0.05186508595943451,0.029801078140735626,0.023922018706798553,0.037334829568862915,0.042897459119558334,0.15548497438430786,0.0969710648059845,0.07405039668083191,0.024916043505072594,0.10218538343906403
31,7,1.4873555097728968,0.9536140561103821,1.1407849788665771,0.16836698353290558,0.1566743105649948,0.168680340051651,0.06423518061637878,0.034112703055143356,0.024618009105324745,0.03199246525764465,0.045961759984493256,0.09395984560251236,0.08153459429740906,0.06815745681524277,0.027297165244817734,0.10288488864898682
31,8,1.3666054904460907,0.9530388712882996,1.1414638757705688,0.19155848026275635,0.09791139513254166,0.08248095959424973,0.06312628090381622,0.03175494819879532,0.02806449681520462,0.028711002320051193,0.04236508905887604,0.10185055434703827,0.10256306827068329,0.07667484134435654,0.037493277341127396,0.0631505474448204
31,9,1.2867172297090292,0.9530364871025085,1.1421728134155273,0.17458118498325348,0.07115837186574936,0.08162988722324371,0.06016688793897629,0.03930443897843361,0.02240406535565853,0.02736283466219902,0.042150139808654785,0.10399851202964783,0.09347272664308548,0.04215318709611893,0.04043537378311157,0.06885775923728943
31,10,1.1608678434044122,0.9529994130134583,1.1425697803497314,0.06073734164237976,0.044295523315668106,0.04647791385650635,0.0738588199019432,0.039309319108724594,0.025680169463157654,0.029666973277926445,0.03667447343468666,0.16015325486660004,0.07335348427295685,0.03611503541469574,0.042671188712120056,0.07276050746440887
31,11,1.1956210751086473,0.9537145495414734,1.1416029930114746,0.05726401507854462,0.05029721185564995,0.04504135251045227,0.0898885577917099,0.03361693397164345,0.0295861829072237,0.025814637541770935,0.03390754386782646,0.18482805788516998,0.06046328693628311,0.02866743877530098,0.06498267501592636,0.07219967246055603
31,12,1.191611247509718,0.9546716213226318,1.1420915126800537,0.042979009449481964,0.05148516967892647,0.04670250415802002,0.07668246328830719,0.03268790617585182,0.022449245676398277,0.022698432207107544,0.03153672814369202,0.21112212538719177,0.06690578162670135,0.030247682705521584,0.057974401861429214,0.0787871703505516
31,13,1.1273912202566863,0.9540129899978638,1.1435110569000244,0.049932654947042465,0.07410632818937302,0.047543130815029144,0.11043402552604675,0.02270670421421528,0.025407973676919937,0.025010883808135986,0.03425618261098862,0.05256812646985054,0.08235002309083939,0.0628620907664299,0.04865936189889908,0.07204892486333847
31,14,1.061954978480935,0.9538816213607788,1.143508791923523,0.04643304646015167,0.05420009791851044,0.049227628856897354,0.10768492519855499,0.025585677474737167,0.024308688938617706,0.02277946099638939,0.02857852168381214,0.043294426053762436,0.08289921283721924,0.04780195653438568,0.03216209262609482,0.07752116024494171
31,15,1.133434947580099,0.9538976550102234,1.1432831287384033,0.054851628839969635,0.05523388087749481,0.04106559604406357,0.16715498268604279,0.0221027173101902,0.023295540362596512,0.02271162159740925,0.02550271898508072,0.04505207762122154,0.08158958703279495,0.06536686420440674,0.029572589322924614,0.08049898594617844
31,16,1.0700850091874599,0.953842043876648,1.1436312198638916,0.07234042882919312,0.030096661299467087,0.04262007400393486,0.1523371785879135,0.02518041990697384,0.022694703191518784,0.024390146136283875,0.02493349090218544,0.04441120848059654,0.06608126312494278,0.042221326380968094,0.02744952403008938,0.07583393156528473
31,17,1.1023101557046175,0.9537355303764343,1.1434943675994873,0.061033304780721664,0.03534550964832306,0.04365257918834686,0.16577008366584778,0.025806661695241928,0.02306903898715973,0.026190219447016716,0.027038991451263428,0.043353769928216934,0.08961348235607147,0.04504778981208801,0.027464255690574646,0.06947848945856094
31,18,1.0891312293708324,0.9538434743881226,1.1433552503585815,0.060771286487579346,0.03921346738934517,0.03596923500299454,0.15075735747814178,0.02331222966313362,0.023483140394091606,0.021448280662298203,0.02525111474096775,0.049379862844944,0.08678119629621506,0.052220944315195084,0.028457220643758774,0.07264614850282669
31,19,1.0305550068616867,0.9537423253059387,1.143595576286316,0.04003157839179039,0.03435521200299263,0.03917134925723076,0.12848953902721405,0.025600826367735863,0.024302292615175247,0.02102619595825672,0.025775566697120667,0.04777839779853821,0.07338349521160126,0.0532236248254776,0.032002002000808716,0.06594734638929367
31,20,1.0888333406299353,0.9537608623504639,1.1437458992004395,0.037654440850019455,0.03368372470140457,0.0427604615688324,0.12440377473831177,0.02751011587679386,0.02122330479323864,0.023593038320541382,0.026780033484101295,0.05207913741469383,0.11723197996616364,0.06481597572565079,0.0305328331887722,0.06706316769123077
31,21,1.12824586853385,0.9539999961853027,1.14378821849823,0.07424698770046234,0.04223410040140152,0.045663390308618546,0.11516395211219788,0.027108103036880493,0.02136218175292015,0.023833369836211205,0.02397054433822632,0.05130406841635704,0.1286684274673462,0.05142315477132797,0.030700156465172768,0.07300978899002075
31,22,1.1174027167260647,0.9534822702407837,1.1437187194824219,0.05709187313914299,0.039788465946912766,0.04703349620103836,0.11066886782646179,0.02518497221171856,0.02221185714006424,0.02364286407828331,0.024659834802150726,0.052071463316679,0.11711229383945465,0.058894380927085876,0.028502268716692924,0.09109988063573837
31,23,1.1623829625546933,0.9535236358642578,1.1435977220535278,0.05464945361018181,0.03914503753185272,0.05249177664518356,0.1057571992278099,0.021441692486405373,0.02451455034315586,0.025211868807673454,0.02566020004451275,0.0451405867934227,0.17534072697162628,0.048899371176958084,0.026311378926038742,0.09839484840631485
31,24,1.127215099334717,0.9537492394447327,1.1436160802841187,0.05785682797431946,0.04359268769621849,0.059963345527648926,0.12372924387454987,0.02478453516960144,0.0234067402780056,0.023218005895614624,0.028193186968564987,0.04886675253510475,0.10622576624155045,0.040409766137599945,0.02764085680246353,0.09985432028770447
32,0,32.68100264072418,0.9554615020751953,1.146030306816101,1.552250623703003,2.591783046722412,3.3164784908294678,3.2331128120422363,1.8638287782669067,2.3350911140441895,1.7396267652511597,3.8274447917938232,2.242459535598755,4.016963958740234,2.067049026489258,1.019364356994629,2.4552509784698486
32,1,4.076147617772222,0.9706935882568359,1.1408408880233765,0.07680271565914154,0.03053022362291813,0.5417383909225464,0.21493977308273315,0.08051975816488266,0.039936769753694534,0.03189519792795181,0.032695744186639786,2.254288911819458,0.08312737941741943,0.09249166399240494,0.06404753029346466,0.11082666367292404
32,2,1.4812887258827687,0.9672664999961853,1.141561508178711,0.0683295726776123,0.04576770216226578,0.15525738894939423,0.19588294625282288,0.10604418069124222,0.04378998652100563,0.03309311717748642,0.03220533952116966,0.03545398637652397,0.10700061172246933,0.09157022833824158,0.05189984291791916,0.09322822093963623
32,3,1.4780178535729647,0.9580081701278687,1.1399942636489868,0.04571281746029854,0.031686846166849136,0.2657564580440521,0.13650456070899963,0.14590218663215637,0.03837602585554123,0.032694969326257706,0.030391747131943703,0.04151226207613945,0.0855359360575676,0.060239844024181366,0.039701908826828,0.10440180450677872
32,4,1.479110223427415,0.9582563638687134,1.1411643028259277,0.04639382287859917,0.03548750281333923,0.07878011465072632,0.13802407681941986,0.08256660401821136,0.03960561007261276,0.02926056645810604,0.026663195341825485,0.22338669002056122,0.12311192601919174,0.08855260163545609,0.04245682433247566,0.10493655502796173
32,5,2.174341006204486,0.9575240612030029,1.142499566078186,0.04022236168384552,0.03861556202173233,0.08340715616941452,0.19194552302360535,0.06687232851982117,0.04090369865298271,0.029713142663240433,0.02654302306473255,0.9513326287269592,0.03459770232439041,0.09006651490926743,0.04794646427035332,0.11217017471790314
32,6,3.214221519604325,0.9592909812927246,1.1433161497116089,0.050619225949048996,0.05213513970375061,0.07993870973587036,0.1273951232433319,0.04507550224661827,0.03461657837033272,0.027720099315047264,0.03007863089442253,2.070408582687378,0.0320858396589756,0.10314078629016876,0.03800392150878906,0.10248195379972458
32,7,2.481346571445465,0.9620928764343262,1.1436481475830078,0.05178053677082062,0.12646909058094025,0.05945596843957901,0.2596105635166168,0.048143792897462845,0.0392155796289444,0.031789377331733704,0.028550829738378525,1.2173919677734375,0.03819659352302551,0.07871756702661514,0.024575095623731613,0.05630140379071236
32,8,2.8438297878950833,0.9600565433502197,1.1434600353240967,0.05084340646862984,0.18828198313713074,0.07350289821624756,0.41398367285728455,0.05657443031668663,0.02683986723423004,0.028150338679552078,0.028190119192004204,1.3487226963043213,0.05740467458963394,0.08355829119682312,0.02107613906264305,0.04599795490503311
32,9,2.449464463815093,0.9590511322021484,1.1440173387527466,0.059434667229652405,0.25085076689720154,0.07019016146659851,0.03627507761120796,0.02383711189031601,0.026259571313858032,0.027983326464891434,0.028157375752925873,1.3345115184783936,0.049257513135671616,0.061803676187992096,0.022133847698569298,0.03815615549683571
33,0,30.634022688865663,0.9581231474876404,1.145296335220337,1.4849412441253662,1.2684367895126343,3.1190216541290283,3.5457210540771484,1.9366140365600586,3.036618232727051,1.2885640859603882,3.6328234672546387,1.6542571783065796,4.1154937744140625,2.44642972946167,0.5221973061561584,2.1622202396392822
33,1,4.367244847491383,0.9523579478263855,1.1400704383850098,0.08780913800001144,0.07418393343687057,1.139119267463684,0.2374631017446518,0.033189624547958374,0.05823875591158867,0.04187741130590439,0.05506637319922447,1.7905457019805908,0.2550742030143738,0.11283478140830994,0.026426369324326515,0.03693050891160965
33,2,1.7275532193481922,0.9554497003555298,1.1451047658920288,0.27106496691703796,0.06888677924871445,0.17582379281520844,0.049994200468063354,0.04242254048585892,0.02623499557375908,0.03738890215754509,0.05371972545981407,0.17288775742053986,0.14171451330184937,0.050642602145671844,0.15168440341949463,0.06497714668512344
33,3,2.3841533318161963,0.9552411437034607,1.1484421491622925,0.36992448568344116,0.2507525384426117,0.1908852756023407,0.1682719737291336,0.15224461257457733,0.03287395462393761,0.03705799579620361,0.047853682190179825,0.13025936484336853,0.14381426572799683,0.11778253316879272,0.23045587539672852,0.09124011546373367
33,4,2.029379628226161,0.957521378993988,1.145659327507019,0.6162079572677612,0.03990616649389267,0.22623124718666077,0.19402453303337097,0.03081744723021984,0.031091367825865746,0.028363024815917015,0.044004879891872406,0.04772466421127319,0.0770668312907219,0.06677781790494919,0.16267310082912445,0.043854448944330215
33,5,1.751135949790478,0.95668625831604,1.147955298423767,0.5415776371955872,0.02963687852025032,0.23440784215927124,0.053902458399534225,0.034793026745319366,0.029907403513789177,0.030443808063864708,0.03906301036477089,0.048023223876953125,0.05800452083349228,0.09811696410179138,0.08582527190446854,0.04650559276342392
33,6,2.2343273859471084,0.9568030834197998,1.1465188264846802,0.8349034786224365,0.027841554954648018,0.31359848380088806,0.07407872378826141,0.037575073540210724,0.031336113810539246,0.02971186861395836,0.044441983103752136,0.05393223837018013,0.06585370749235153,0.13990744948387146,0.11401727050542831,0.046465057879686356
33,7,2.654587221890688,0.9579691290855408,1.1462016105651855,1.09116530418396,0.03295385092496872,0.41043925285339355,0.06871772557497025,0.042904965579509735,0.04949170723557472,0.02782917022705078,0.04261027276515961,0.0777440145611763,0.06169746443629265,0.18162620067596436,0.10547931492328644,0.04109383001923561
33,8,2.8626366913318635,0.9583920836448669,1.1473203897476196,1.0030752420425415,0.04576440900564194,0.7097607254981995,0.08344104140996933,0.026092365384101868,0.04567787051200867,0.02358662337064743,0.03465273603796959,0.040068645030260086,0.07798947393894196,0.17577219009399414,0.09637172520160675,0.07924114912748337
34,0,32.6906482219696,0.9554615020751953,1.146030306816101,1.4224635362625122,1.5011016130447388,4.343742847442627,3.8360698223114014,2.598526954650879,2.5714335441589355,1.4688817262649536,4.585648536682129,1.9561909437179565,3.6392719745635986,1.65912663936615,0.6483173370361328,2.039574384689331
34,1,4.515276749804616,0.9623863697052002,1.157529354095459,0.0630582869052887,1.539952278137207,0.2983335852622986,1.0089621543884277,0.12695492804050446,0.02371620386838913,0.037221040576696396,0.035534534603357315,0.05935022607445717,0.7254229187965393,0.026642197743058205,0.08422094583511353,0.06192430481314659
34,2,1.574601435288787,0.9589844942092896,1.151486873626709,0.0887320265173912,0.03126493841409683,0.12147688865661621,0.041866641491651535,0.06789688766002655,0.024590974673628807,0.034550491720438004,0.03919251635670662,0.09651266038417816,0.4689452052116394,0.02950013428926468,0.03840916231274605,0.06956863403320312
34,3,1.6767634477466344,0.9532922506332397,1.1475954055786133,0.11647313088178635,0.027666965499520302,0.10598312318325043,0.03724333271384239,0.049129173159599304,0.02588595449924469,0.027352022007107735,0.03055885061621666,0.09494780004024506,0.54579758644104,0.027161868289113045,0.034825630486011505,0.13356047868728638
34,4,1.7069838862866162,0.9537126421928406,1.14674711227417,0.039308980107307434,0.048264749348163605,0.07448501139879227,0.03731069713830948,0.028161294758319855,0.023227430880069733,0.027948861941695213,0.0314558669924736,0.19462838768959045,0.2990281879901886,0.02411781996488571,0.07142369449138641,0.38753095269203186
34,5,1.67278643026948,0.9536458253860474,1.1453827619552612,0.053148362785577774,0.04467780888080597,0.05739377439022064,0.03508748859167099,0.031004082411527634,0.020734896883368492,0.03520552068948746,0.03193136677145958,0.22765342891216278,0.2941215932369232,0.027392225340008736,0.059768617153167725,0.33486154675483704
34,6,1.880913034081459,0.9540318250656128,1.1436731815338135,0.044286325573921204,0.05491744354367256,0.20030294358730316,0.033316273242235184,0.029497509822249413,0.025543121621012688,0.028622744604945183,0.03251388296484947,0.21793435513973236,0.35437890887260437,0.029399724677205086,0.06649430841207504,0.34416449069976807
34,7,1.8778636921197176,0.9572916626930237,1.1433348655700684,0.052245404571294785,0.04797355830669403,0.27626973390579224,0.03390800580382347,0.03176148980855942,0.02825029380619526,0.030018890276551247,0.03217271342873573,0.17931398749351501,0.4176614284515381,0.029657239094376564,0.1097329780459404,0.18877266347408295
34,8,1.9182674538344144,0.9571117758750916,1.1437773704528809,0.04812559112906456,0.05607364699244499,0.3753288984298706,0.028976909816265106,0.029334520921111107,0.024475127458572388,0.02927035093307495,0.03518536314368248,0.21514856815338135,0.30050748586654663,0.03913477435708046,0.0973818227648735,0.21914656460285187
35,0,31.110633754730223,0.9554615020751953,1.146030306816101,1.7737525701522827,2.808166742324829,4.162260055541992,2.847069263458252,1.769559383392334,2.187978982925415,1.5743999481201172,4.026500225067139,1.700196385383606,3.223417282104492,1.7688252925872803,0.837931752204895,2.010277509689331
35,1,4.32120772227645,0.9554615020751953,1.1649178266525269,0.037534113973379135,0.0892203226685524,0.4051632881164551,0.06631449609994888,0.08038052171468735,0.11011693626642227,0.5246399641036987,1.5694129467010498,0.1344248652458191,0.22798457741737366,0.07213014364242554,0.4428059458732605,0.13700373470783234
35,2,4.075787933170796,0.9537918567657471,1.164965033531189,0.4046080410480499,0.08155716210603714,0.6659936904907227,0.1880260407924652,0.26241329312324524,0.06964004784822464,0.11254192888736725,0.4134407341480255,0.060407496988773346,0.09863001853227615,0.6237600445747375,0.04341810196638107,0.6275999546051025
35,3,2.1598685428500177,0.9602553844451904,1.162107229232788,0.054944876581430435,0.1306639015674591,0.6482471823692322,0.33768758177757263,0.05369880795478821,0.02815750427544117,0.04097999259829521,0.02684534713625908,0.035022616386413574,0.052184443920850754,0.09212121367454529,0.026462150737643242,0.20838040113449097
35,4,2.2208336614072324,0.9577882289886475,1.1601035594940186,0.0755138024687767,0.02898312732577324,0.8591713309288025,0.04932977631688118,0.11724186688661575,0.024263326078653336,0.031199762597680092,0.02682129479944706,0.03038676455616951,0.06186193972826004,0.11118344217538834,0.10419884324073792,0.2771000266075134
35,5,2.0807689405977725,0.9591524004936218,1.1589789390563965,0.0960976853966713,0.030865563079714775,0.8227989673614502,0.027445686981081963,0.025062615051865578,0.024625280871987343,0.03139656037092209,0.030634984374046326,0.04495038464665413,0.06724575161933899,0.09408368170261383,0.07743991911411285,0.28449559211730957
35,6,2.859738804399967,0.9562413692474365,1.160839319229126,0.10792403668165207,0.05124463140964508,1.2101784944534302,0.026330240070819855,0.023691250011324883,0.025698844343423843,0.028365960344672203,0.032440513372421265,0.03284139931201935,0.06574369966983795,0.10850317031145096,0.07732094079256058,0.6460394859313965
35,7,3.8962924517691135,0.958702564239502,1.1537081003189087,0.10146699845790863,0.1025005578994751,1.4475703239440918,0.033791374415159225,0.02566836215555668,0.02548479661345482,0.03090570494532585,0.034273527562618256,0.03937683627009392,1.0153405666351318,0.030818777158856392,0.06872126460075378,0.5178912281990051
35,8,3.6770077735185622,0.95957350730896,1.1561048030853271,0.08891040831804276,0.07251820713281631,0.9923121333122253,0.03985893353819847,0.02391914650797844,0.025272473692893982,0.027514882385730743,0.02597145549952984,0.041857942938804626,1.2706239223480225,0.03114328347146511,0.05015891417860985,0.563810408115387
35,9,3.8586034171283243,0.9574319124221802,1.1501456499099731,0.0564752034842968,0.09729903936386108,0.7337708473205566,0.05347098410129547,0.022854503244161606,0.027262112125754356,0.02730446122586727,0.02335381507873535,0.046119824051856995,1.3337152004241943,0.040913473814725876,0.048703234642744064,0.925845205783844
35,10,3.2498342625796797,0.9570296406745911,1.1490880250930786,0.04325258359313011,0.09065786749124527,0.5484434962272644,0.1107686460018158,0.02181641012430191,0.024688495323061943,0.026703722774982452,0.0260388795286417,0.05889919772744179,1.0846664905548096,0.0426735021173954,0.07427317649126053,0.6757282614707947
35,11,3.4174989253282546,0.9575287103652954,1.150272250175476,0.03823770210146904,0.10410488396883011,0.1765269637107849,0.22112375497817993,0.022497011348605156,0.023375611752271652,0.026064136996865273,0.025289859622716904,0.06363098323345184,1.287082314491272,0.04551973566412926,0.06979309022426605,0.8926926851272583
36,0,30.822680699825288,0.9549878835678101,1.1426410675048828,1.1585421562194824,1.5271780490875244,4.108323097229004,3.2699966430664062,2.7309446334838867,1.8675652742385864,1.5743300914764404,3.828665256500244,2.263375997543335,3.4850409030914307,1.908193826675415,0.7931380867958069,1.887860894203186
36,1,5.076049223169685,0.956495463848114,1.1406657695770264,0.05257455259561539,0.036598265171051025,0.6044666171073914,0.19397807121276855,0.02440294437110424,0.2646787464618683,0.03225601091980934,0.03642869368195534,2.3461861610412598,0.31071898341178894,0.035944946110248566,0.05214300751686096,0.6662399768829346
36,2,3.5608038134872912,0.954623818397522,1.1413265466690063,0.10113111138343811,0.2075115591287613,0.14329101145267487,1.4589142799377441,0.025401273742318153,0.03125525638461113,0.027390647679567337,0.026350053027272224,0.08110076189041138,0.3667486310005188,0.11709404736757278,0.06966668367385864,0.4857584238052368
36,3,2.3092847004532815,0.953005313873291,1.1429972648620605,0.06486137956380844,0.26727765798568726,0.053340379148721695,0.16087189316749573,0.03454900532960892,0.05249712988734245,0.029329899698495865,0.03148585185408592,0.0962991937994957,0.35758641362190247,0.06659798324108124,0.10842330753803253,0.5669640898704529
36,4,2.070620746165514,0.9524544477462769,1.1429126262664795,0.08096642047166824,0.2668139934539795,0.06754212081432343,0.20247390866279602,0.023435641080141068,0.02504327893257141,0.02265150099992752,0.03288326412439346,0.08848825097084045,0.642504096031189,0.05367260426282883,0.0698462724685669,0.07522597908973694
36,5,1.7867900833487511,0.9532307386398315,1.1429164409637451,0.04587049037218094,0.2501739263534546,0.07654716074466705,0.25939908623695374,0.027455033734440804,0.024388661608099937,0.02631404623389244,0.02918851561844349,0.03379828482866287,0.44283539056777954,0.04528828337788582,0.0254420917481184,0.08085967600345612
36,6,1.939480582997203,0.9547497034072876,1.1436947584152222,0.054905135184526443,0.24055854976177216,0.05139051377773285,0.24172042310237885,0.022863375023007393,0.025524351745843887,0.024530678987503052,0.032234448939561844,0.03608756884932518,0.5720037817955017,0.047619789838790894,0.024607066065073013,0.14574600756168365
36,7,1.9106348685920238,0.9533658623695374,1.1443159580230713,0.043823257088661194,0.26427069306373596,0.04990653693675995,0.15560975670814514,0.023794710636138916,0.02310449630022049,0.020814549177885056,0.03397288918495178,0.043842121958732605,0.6020656228065491,0.05338629335165024,0.024235859513282776,0.15227171778678894
36,8,1.992547956481576,0.9533758759498596,1.144011378288269,0.04095655679702759,0.2993949055671692,0.0544859953224659,0.13549469411373138,0.027443358674645424,0.023693066090345383,0.02283773571252823,0.030330363661050797,0.042865902185440063,0.6730914115905762,0.06167244166135788,0.025373052805662155,0.13543102145195007
36,9,1.8086672160774468,0.9529981017112732,1.1439932584762573,0.038689758628606796,0.16426882147789001,0.05047113075852394,0.12636259198188782,0.029061226174235344,0.022618457674980164,0.022516995668411255,0.02908838726580143,0.05445630103349686,0.6286714673042297,0.06805741786956787,0.02288600243628025,0.13212038576602936
36,10,1.8664566677063705,0.9529995322227478,1.144684076309204,0.04570118710398674,0.27189305424690247,0.0531541146337986,0.13266441226005554,0.028389159590005875,0.026252903044223785,0.023210851475596428,0.03028680384159088,0.051994916051626205,0.5738983154296875,0.0595967173576355,0.02236824482679367,0.12750926613807678
36,11,1.7479751531034708,0.9529814720153809,1.1450355052947998,0.03285017982125282,0.0483405776321888,0.03920099139213562,0.11716572940349579,0.028635432943701744,0.026784095913171768,0.027528995648026466,0.03258134052157402,0.04627513512969017,0.7560577392578125,0.053955819457769394,0.029063114896416664,0.08993260562419891
36,12,1.7104923997074366,0.9529815316200256,1.1446316242218018,0.022204464301466942,0.02676999196410179,0.15940944850444794,0.08054284751415253,0.023969274014234543,0.027074875310063362,0.02516561932861805,0.02523312158882618,0.041420094668865204,0.7129105925559998,0.02750108391046524,0.02879749797284603,0.08997085690498352
36,13,1.6275266394019128,0.9528809189796448,1.1455252170562744,0.02327316254377365,0.024788055568933487,0.3755153715610504,0.08212534338235855,0.02545269951224327,0.026216456666588783,0.022016040980815887,0.02524266578257084,0.036504656076431274,0.4364047646522522,0.029632870107889175,0.02889898419380188,0.07177434116601944
36,14,1.8748661015182733,0.9527500867843628,1.1472021341323853,0.024405602365732193,0.03292795270681381,0.5710653066635132,0.07553120702505112,0.020884232595562935,0.025051599368453026,0.023146076127886772,0.026080217212438583,0.03998877480626106,0.4637010991573334,0.028266385197639465,0.031948938965797424,0.0918782651424408
36,15,2.034625627845526,0.9525444507598877,1.1470837593078613,0.022223899140954018,0.02949182130396366,0.6277530789375305,0.06646618247032166,0.025821490213274956,0.024565178900957108,0.025193868204951286,0.026064563542604446,0.04235917329788208,0.5836568474769592,0.027141742408275604,0.028412211686372757,0.08554992824792862
36,16,1.778022277727723,0.9530538320541382,1.1473102569580078,0.025810617953538895,0.027960900217294693,0.3039817810058594,0.0760403424501419,0.024705257266759872,0.024233216419816017,0.027168946340680122,0.026202041655778885,0.0440441370010376,0.6416047215461731,0.02671224996447563,0.025549480691552162,0.08393576741218567
36,17,1.7259436268359423,0.9532526135444641,1.1470460891723633,0.02326289378106594,0.03140658140182495,0.2480035424232483,0.06999631971120834,0.02253592759370804,0.025483939796686172,0.023831868544220924,0.02658689394593239,0.0435754768550396,0.6411722898483276,0.024961452931165695,0.029995815828442574,0.09507088363170624
36,18,1.972250074148178,0.9530448317527771,1.1467061042785645,0.024013923481106758,0.031246041879057884,0.2941987216472626,0.05855538696050644,0.024287760257720947,0.024667277932167053,0.02285350114107132,0.031178155913949013,0.05028809607028961,0.8352015614509583,0.021928444504737854,0.02980215661227703,0.10407885909080505
36,19,1.8694250941276551,0.9532766938209534,1.1466034650802612,0.0264692734926939,0.035323746502399445,0.26777470111846924,0.06253563612699509,0.026267116889357567,0.025380536913871765,0.02359660714864731,0.02476910501718521,0.04676147177815437,0.7686547636985779,0.022860858589410782,0.03314832225441933,0.08590692281723022
37,0,30.889970326423644,0.9554615020751953,1.146030306816101,1.0141757726669312,1.4200198650360107,4.115904331207275,3.324009895324707,1.3084646463394165,2.365791082382202,1.582755446434021,3.6732559204101562,2.0790278911590576,5.062891960144043,1.6402748823165894,1.1991509199142456,1.68394935131073
37,1,4.505128156021238,0.9553089141845703,1.1404399871826172,0.09668739140033722,0.0974145457148552,0.9626345038414001,0.07836010307073593,0.051897160708904266,0.07853598892688751,0.03996909037232399,0.02929679863154888,2.1089444160461426,0.2260718047618866,0.04022907093167305,0.0330851711332798,0.2428523302078247
37,2,1.7788345258682967,0.9576193690299988,1.1400095224380493,0.0295303612947464,0.11283084005117416,0.10834016650915146,0.06213405728340149,0.0823366791009903,0.2434755563735962,0.0433967299759388,0.03459056466817856,0.10994002968072891,0.2702677845954895,0.028883209452033043,0.0606222040951252,0.172960564494133
37,3,1.7306138802319766,0.9561015367507935,1.1404589414596558,0.034292325377464294,0.1562718003988266,0.11536752432584763,0.07042937725782394,0.07454121112823486,0.04548658803105354,0.044907890260219574,0.04386693984270096,0.12256380915641785,0.2376304566860199,0.025378180667757988,0.18953795731067657,0.15102772414684296
37,4,1.702171478793025,0.9598429203033447,1.146043300628662,0.04975949227809906,0.16155266761779785,0.0740804448723793,0.16639195382595062,0.047102928161621094,0.04883847385644913,0.034987788647413254,0.03635489568114281,0.1605684459209442,0.24817925691604614,0.03699912503361702,0.02890034206211567,0.18727841973304749
37,5,1.4810195695608854,0.9574674963951111,1.147746205329895,0.09100422263145447,0.15064376592636108,0.06566372513771057,0.15814396739006042,0.023661762475967407,0.04485335573554039,0.029665980488061905,0.039931122213602066,0.18047620356082916,0.05099087953567505,0.13484756648540497,0.02578485943377018,0.06430941820144653
37,6,1.5778354067355393,0.955782949924469,1.1493313312530518,0.11383908987045288,0.13752774894237518,0.03492605313658714,0.21047018468379974,0.022727245464920998,0.03841482102870941,0.029566599056124687,0.05366295948624611,0.1522512286901474,0.07538383454084396,0.1902986764907837,0.02790665812790394,0.06983745098114014
37,7,1.3565389316529035,0.9542243480682373,1.1503355503082275,0.16642338037490845,0.12377934157848358,0.036459557712078094,0.042399901896715164,0.028492039069533348,0.053245577961206436,0.03115065023303032,0.05255201831459999,0.11065159738063812,0.05751844495534897,0.10973513871431351,0.04515965282917023,0.07805965095758438
37,8,1.1314802158623936,0.9543461799621582,1.149496078491211,0.1327737420797348,0.0241543035954237,0.03956753760576248,0.04713597521185875,0.029839932918548584,0.05574757978320122,0.02519061230123043,0.03816857933998108,0.14280542731285095,0.05616758018732071,0.028456278145313263,0.021818755194544792,0.06888546049594879
37,9,1.1641293898224832,0.9554458856582642,1.1494890451431274,0.13597775995731354,0.03279150649905205,0.040549375116825104,0.0481429249048233,0.02433299832046032,0.044201310724020004,0.02953037992119789,0.03802592307329178,0.14819754660129547,0.052288081496953964,0.02473238669335842,0.05886302515864372,0.06550918519496918
37,10,1.065868227928877,0.957075297832489,1.1488425731658936,0.10445699840784073,0.03560367971658707,0.04434335604310036,0.04299408569931984,0.024546533823013306,0.058460552245378494,0.027421869337558746,0.03585613891482353,0.04754112288355827,0.04026131331920624,0.0636783093214035,0.054930999875068665,0.06458969414234161
37,11,1.0806835878640413,0.9579620361328125,1.148962378501892,0.11304575204849243,0.040296003222465515,0.04927375540137291,0.05161643400788307,0.02276023104786873,0.06546176970005035,0.02392647974193096,0.03259718790650368,0.06553864479064941,0.03535710275173187,0.048590514808893204,0.04973774775862694,0.06109708175063133
37,12,0.9999619275331497,0.9580114483833313,1.1503636837005615,0.09076152741909027,0.03164811432361603,0.054443418979644775,0.04801607131958008,0.02076880633831024,0.05641067773103714,0.02531067281961441,0.028382714837789536,0.05776086822152138,0.03852720186114311,0.027855362743139267,0.04276986047625542,0.0556316040456295
37,13,0.9942715555429459,0.9569739699363708,1.1481468677520752,0.09357258677482605,0.046608734875917435,0.04160347208380699,0.05315930023789406,0.024169212207198143,0.023705188184976578,0.026553016155958176,0.03600132465362549,0.06893418729305267,0.04009352996945381,0.02266078256070614,0.039353158324956894,0.056832894682884216
37,14,1.0041359789669513,0.9573467373847961,1.148929238319397,0.049631278961896896,0.07601433992385864,0.05618058145046234,0.046583935618400574,0.02152499556541443,0.022321779280900955,0.02355915494263172,0.03369805961847305,0.08391565084457397,0.04200726002454758,0.023874556645751,0.04604038596153259,0.05752880498766899
37,15,1.0235893081873657,0.9574081897735596,1.148237705230713,0.058743275701999664,0.08665070682764053,0.06969974935054779,0.0443018339574337,0.021154701709747314,0.022988878190517426,0.028856195509433746,0.034611236304044724,0.06680721044540405,0.035676389932632446,0.023034410551190376,0.049016233533620834,0.06091930717229843
37,16,0.9314834516495467,0.9575803279876709,1.148019790649414,0.05563020706176758,0.039522841572761536,0.0676841288805008,0.05665776878595352,0.021969059482216835,0.02476315014064312,0.024763209745287895,0.027325954288244247,0.030352795496582985,0.03266304358839989,0.026180746033787727,0.04311123490333557,0.059739287942647934
37,17,0.9254111219197512,0.9571352601051331,1.1482834815979004,0.046376749873161316,0.03861013054847717,0.052624527364969254,0.04816753417253494,0.021805275231599808,0.027186553925275803,0.024091865867376328,0.02756682224571705,0.04458186402916908,0.03460535407066345,0.028396334499120712,0.048545822501182556,0.061768539249897
37,18,0.8683395434170962,0.9571802616119385,1.1478325128555298,0.02435368485748768,0.02655642107129097,0.06092298775911331,0.05502096563577652,0.02154395915567875,0.024613961577415466,0.024240711703896523,0.026883872225880623,0.02512066438794136,0.03541700541973114,0.02385895512998104,0.0365496426820755,0.0622541569173336
37,19,0.8882874190807343,0.9565125107765198,1.1460208892822266,0.021214328706264496,0.025252530351281166,0.06024423986673355,0.05282830074429512,0.02077171951532364,0.02571161650121212,0.024995839223265648,0.02472834847867489,0.02452583983540535,0.03771650418639183,0.0282394178211689,0.033087488263845444,0.08846456557512283
37,20,0.884765862300992,0.9567916989326477,1.1462575197219849,0.02335912361741066,0.0275719054043293,0.07016924768686295,0.04687795042991638,0.02498997561633587,0.02366049773991108,0.021691182628273964,0.02340640500187874,0.025009429082274437,0.031630124896764755,0.027272922918200493,0.03297892585396767,0.08553832769393921
37,21,0.8740140706300735,0.9568842053413391,1.146506667137146,0.021135233342647552,0.024636970832943916,0.07565133273601532,0.047814056277275085,0.021451441571116447,0.020097868517041206,0.02431453764438629,0.02670302428305149,0.02276325598359108,0.037028610706329346,0.026503998786211014,0.0324932299554348,0.07274233549833298
37,22,0.8788123559206724,0.9564075469970703,1.14694082736969,0.021426375955343246,0.036819297820329666,0.06586077064275742,0.04521052539348602,0.024736210703849792,0.01975264959037304,0.022157546132802963,0.025594860315322876,0.025793273001909256,0.04002287983894348,0.026757262647151947,0.03266706317663193,0.07134396582841873
37,23,0.8718646343797446,0.9559484720230103,1.147621989250183,0.0222609955817461,0.042034268379211426,0.03827079012989998,0.04179556295275688,0.02084943652153015,0.025170136243104935,0.024471301585435867,0.02542177401483059,0.0285341739654541,0.03922193869948387,0.025930242612957954,0.034053683280944824,0.08313623815774918
37,24,0.8613779827952386,0.9555137753486633,1.146944284439087,0.021996114403009415,0.04485660046339035,0.03949536755681038,0.03734232485294342,0.021732669323682785,0.0247049443423748,0.02400805428624153,0.025958308950066566,0.027957448735833168,0.03546454384922981,0.028918351978063583,0.03227180242538452,0.07617983967065811
38,0,29.54059793949127,0.9554615020751953,1.146030306816101,1.6028932332992554,1.5511016845703125,3.6765947341918945,3.6327850818634033,1.8999674320220947,1.514643669128418,1.5633862018585205,4.192157745361328,1.8828095197677612,3.4939799308776855,1.6800353527069092,0.8127602338790894,1.6171847581863403
38,1,5.713305426388979,0.9554615020751953,1.1485015153884888,0.35187920928001404,0.08230281621217728,0.16698795557022095,0.17054645717144012,0.4421235918998718,0.04586515203118324,0.949884295463562,1.9754477739334106,0.1261964589357376,0.22874309122562408,0.5754357576370239,0.036655984818935394,0.14044427871704102
38,2,5.511885729059577,0.9527433514595032,1.1449153423309326,0.09092169255018234,0.4345008134841919,2.582822799682617,0.17316661775112152,0.4133879542350769,0.02448897995054722,0.036420296877622604,0.053656697273254395,0.23206739127635956,0.30624663829803467,0.15132266283035278,0.09611742943525314,0.4972340166568756
38,3,3.0705726973712446,0.9526967406272888,1.1464358568191528,0.04315130412578583,0.23600241541862488,0.8863279223442078,0.09578578174114227,0.028284873813390732,0.023494184017181396,0.02658907324075699,0.03840198367834091,0.24748045206069946,0.36906328797340393,0.20130111277103424,0.07957199215888977,0.3752917945384979
38,4,4.585372433811426,0.9546511173248291,1.1429868936538696,0.08089683204889297,0.08224602788686752,1.9889463186264038,0.032353535294532776,0.4408736526966095,0.03803950920701027,0.029277317225933075,0.040599822998046875,0.1275869905948639,0.8815062642097473,0.1400776207447052,0.07513309270143509,0.20830784738063812
38,5,4.450852736458183,0.9538055658340454,1.1414754390716553,0.08042632043361664,0.04380868375301361,1.8121576309204102,0.03751372918486595,0.05163740739226341,0.02971908263862133,0.023204533383250237,0.03873356804251671,0.08485577255487442,1.1802314519882202,0.027645127847790718,0.058965425938367844,0.562897801399231
38,6,2.691831815242767,0.9529682397842407,1.1421066522598267,0.10335947573184967,0.029602600261569023,0.08589265495538712,0.09611554443836212,0.04507531598210335,0.026913700625300407,0.025337614119052887,0.040398482233285904,0.11076803505420685,1.1376694440841675,0.021887846291065216,0.03944923356175423,0.5103468894958496
38,7,2.8072855304926634,0.9524989724159241,1.1419328451156616,0.056802548468112946,0.23640426993370056,0.07367274165153503,0.11094503849744797,0.04027621075510979,0.023637108504772186,0.02786269783973694,0.0339319072663784,0.030838878825306892,1.13738214969635,0.07597435265779495,0.04275855794548988,0.4979127049446106
38,8,3.199249579757452,0.9521960020065308,1.142170786857605,0.0506182536482811,0.3079793453216553,0.07072065770626068,0.04676012322306633,0.036849021911621094,0.02347181737422943,0.02621338702738285,0.029126381501555443,0.03524006903171539,1.596096396446228,0.06808782368898392,0.02979429066181183,0.4594186544418335
38,9,1.7967497915029527,0.9524003863334656,1.1426851749420166,0.06274639815092087,0.24406936764717102,0.0676182359457016,0.05298307165503502,0.04048336669802666,0.024375857785344124,0.02406902424991131,0.0274034570902586,0.030904391780495644,0.6218631267547607,0.03932277113199234,0.033983126282691956,0.10791048407554626
38,10,1.9599591754376888,0.9535679221153259,1.1427825689315796,0.0649644285440445,0.26760756969451904,0.0746203362941742,0.0558025985956192,0.03501864895224571,0.024734461680054665,0.027186943218111992,0.028073851019144058,0.028365660458803177,0.7290557622909546,0.03015384078025818,0.03320509195327759,0.14189988374710083
38,11,1.646872103586793,0.9535457491874695,1.1437344551086426,0.027581503614783287,0.03290282189846039,0.07170247286558151,0.061310164630413055,0.023993702605366707,0.022991059347987175,0.02632717601954937,0.028370724990963936,0.023922424763441086,0.7558637857437134,0.025473702698946,0.03316836431622505,0.09380815923213959
38,12,1.4206695549190045,0.9528744220733643,1.1436816453933716,0.02702644094824791,0.025988174602389336,0.06931570172309875,0.06488747149705887,0.025136064738035202,0.021269474178552628,0.025703314691781998,0.02723173052072525,0.025120794773101807,0.5393271446228027,0.02418340928852558,0.03539184853434563,0.09077677130699158
38,13,1.39833528585732,0.9536588788032532,1.1438716650009155,0.021234897896647453,0.027699174359440804,0.04745457321405411,0.060717880725860596,0.023980896919965744,0.02472040429711342,0.024818141013383865,0.025615228340029716,0.024767519906163216,0.5002766251564026,0.0262774545699358,0.044181231409311295,0.1270851492881775
38,14,1.0392216000705958,0.9541003704071045,1.1441606283187866,0.02605368196964264,0.029429998248815536,0.05257735773921013,0.0754004642367363,0.02307564951479435,0.02352086454629898,0.026579007506370544,0.02893933095037937,0.024636955931782722,0.09557000547647476,0.03212268278002739,0.05757179856300354,0.12409160286188126
38,15,1.0054141692817211,0.9544709920883179,1.1444255113601685,0.021114954724907875,0.026156380772590637,0.059870872646570206,0.08912277966737747,0.024083172902464867,0.02624579146504402,0.023803342133760452,0.02808518148958683,0.02635127492249012,0.055956412106752396,0.026871923357248306,0.06154967471957207,0.1164231076836586
38,16,1.0752104379236698,0.9549752473831177,1.1450332403182983,0.02466917410492897,0.032961949706077576,0.0446658656001091,0.1300937980413437,0.022669075056910515,0.023357011377811432,0.026454059407114983,0.03038426861166954,0.02435491979122162,0.07534876465797424,0.03489672392606735,0.06949744373559952,0.11585568636655807
38,17,1.1245212759822607,0.9544503688812256,1.1449408531188965,0.025781236588954926,0.033194299787282944,0.05065483599901199,0.169280543923378,0.02588067017495632,0.023488447070121765,0.02534676343202591,0.028132809326052666,0.025581086054444313,0.07634557038545609,0.02997351810336113,0.05258893966674805,0.1383943110704422
38,18,1.15595349855721,0.9548448920249939,1.1453876495361328,0.021481705829501152,0.033959802240133286,0.05838964506983757,0.2055308222770691,0.024934101849794388,0.02472386322915554,0.024313755333423615,0.028692079707980156,0.027294252067804337,0.07485823333263397,0.026743445545434952,0.04852895811200142,0.13645632565021515
38,19,1.1987164918333293,0.9542317390441895,1.1454311609268188,0.025238506495952606,0.037247221916913986,0.054074570536613464,0.2595709264278412,0.023595064878463745,0.022883618250489235,0.026379594579339027,0.024458318948745728,0.026615673676133156,0.07877529412508011,0.023561719805002213,0.04722126945853233,0.12916213274002075
38,20,1.2778713509440423,0.9547210931777954,1.1452592611312866,0.023341044783592224,0.03652619943022728,0.04979727417230606,0.28701701760292053,0.022216957062482834,0.023863449692726135,0.02295302413403988,0.026820311322808266,0.024691041558980942,0.10475879162549973,0.03252801671624184,0.05266194045543671,0.15070021152496338
38,21,1.2716139443218708,0.9544629454612732,1.1451783180236816,0.02624361775815487,0.03405344858765602,0.04933746159076691,0.34574487805366516,0.023556945845484734,0.01897450163960457,0.02358374372124672,0.025706788524985313,0.030142949894070625,0.07315292954444885,0.03307223692536354,0.04986846446990967,0.11824772506952286
39,0,33.78170267343521,0.9543338418006897,1.1460660696029663,2.6993589401245117,1.9314062595367432,4.0849151611328125,3.0142440795898438,1.7957446575164795,2.3907954692840576,1.9435456991195679,4.0270161628723145,1.3713645935058594,3.40047550201416,2.6381537914276123,1.2672219276428223,2.7973804473876953
39,1,7.124562496319413,0.9759812951087952,1.1452594995498657,0.0483986921608448,1.8780142068862915,0.34466907382011414,2.292219877243042,0.8704216480255127,0.03811831399798393,0.03886246308684349,0.031635843217372894,0.028164053335785866,0.7378266453742981,0.29071906208992004,0.06276571750640869,0.03849874064326286
39,2,2.008672298491001,0.954115092754364,1.1495215892791748,0.07899170368909836,0.07643479108810425,0.12370693683624268,0.060011204332113266,0.024525878950953484,0.044065020978450775,0.03818418085575104,0.0319785512983799,0.046018317341804504,0.8591028451919556,0.1416529268026352,0.023137236014008522,0.04013536870479584
39,3,2.6329771395772696,0.955894410610199,1.1434189081192017,0.09613033384084702,0.1736609935760498,0.15993955731391907,0.03396637365221977,0.02942810393869877,0.03610989823937416,0.03685208037495613,0.03478189930319786,0.05443447828292847,1.3360298871994019,0.14551229774951935,0.022901050746440887,0.05336752161383629
39,4,2.675800994411111,0.9524900913238525,1.1424574851989746,0.11304747313261032,0.0918877050280571,0.11474429070949554,0.0393211767077446,0.027691688388586044,0.03438272327184677,0.05487975850701332,0.03525245189666748,0.027996066957712173,1.3561192750930786,0.21780401468276978,0.027333995327353477,0.11635085940361023
39,5,2.1516914937645195,0.9527363181114197,1.1411783695220947,0.1126231849193573,0.8830937743186951,0.09463890641927719,0.045668020844459534,0.02688181959092617,0.0222860686480999,0.04892398416996002,0.03081042692065239,0.037307556718587875,0.19288332760334015,0.14337551593780518,0.030219219624996185,0.06419675052165985
39,6,2.385295880958438,0.9524102807044983,1.1408830881118774,0.09931771457195282,1.1162784099578857,0.10718294978141785,0.042958587408065796,0.02902774140238762,0.02197670377790928,0.044610004872083664,0.03523159772157669,0.04552951082587242,0.15308474004268646,0.17169524729251862,0.02954370528459549,0.07020029425621033
39,7,1.6418784689158201,0.9536901712417603,1.1429014205932617,0.20793473720550537,0.046753544360399246,0.14044535160064697,0.11376283317804337,0.022879594936966896,0.032047878950834274,0.03473687544465065,0.040444113314151764,0.16460789740085602,0.2506318986415863,0.050741974264383316,0.040584128350019455,0.0769893229007721
39,8,1.7013104017823935,0.9534138441085815,1.1431634426116943,0.0953320562839508,0.05683676525950432,0.1437559723854065,0.10790824145078659,0.02460881881415844,0.02851518988609314,0.033470652997493744,0.03288698568940163,0.26456403732299805,0.32144033908843994,0.05740699544548988,0.0339314229786396,0.08133746683597565
39,9,1.3520727828145027,0.9542933106422424,1.1443322896957397,0.11858536303043365,0.04765370115637779,0.11022202670574188,0.07472261786460876,0.026630891487002373,0.031621430069208145,0.031227463856339455,0.04171304404735565,0.24783529341220856,0.054982252418994904,0.05906107276678085,0.03273719176650047,0.055355314165353775
39,10,1.545945603772998,0.954200804233551,1.1447614431381226,0.13419534265995026,0.0520038828253746,0.09405725449323654,0.09673101454973221,0.024411913007497787,0.029565172269940376,0.029918892309069633,0.03183772414922714,0.4208635091781616,0.0660611093044281,0.06877173483371735,0.0296544898301363,0.04808111488819122
39,11,1.6305501140654086,0.9551306366920471,1.143813967704773,0.13586795330047607,0.04258957505226135,0.0982624962925911,0.11779817938804626,0.02356214076280594,0.029171044006943703,0.027338488027453423,0.03314158320426941,0.48608022928237915,0.07289658486843109,0.07297582179307938,0.024915840476751328,0.04616125673055649
39,12,1.631053026765585,0.9560006856918335,1.1432671546936035,0.10165887326002121,0.04076656326651573,0.08391349762678146,0.03661109879612923,0.024385182186961174,0.027287261560559273,0.027281688526272774,0.03729025647044182,0.6222255825996399,0.06492001563310623,0.05511574074625969,0.024311954155564308,0.06543174386024475
39,13,1.8432947535067796,0.9558432102203369,1.1437873840332031,0.08274930715560913,0.09223231673240662,0.09195846319198608,0.03654410317540169,0.0265323668718338,0.031750503927469254,0.02655959501862526,0.03343440592288971,0.6399696469306946,0.2471601665019989,0.03310346230864525,0.021363066509366035,0.060011230409145355
39,14,1.9031456716358661,0.9552455544471741,1.1437475681304932,0.0955602154135704,0.07768150418996811,0.08282609283924103,0.031004061922430992,0.025930073112249374,0.02753354050219059,0.027930276468396187,0.03316674754023552,0.6422398686408997,0.3162539005279541,0.03357606381177902,0.023766132071614265,0.06587857007980347
39,15,1.7664318054914474,0.965260922908783,1.1492919921875,0.08253686130046844,0.0799521803855896,0.0835118517279625,0.035370100289583206,0.03406248614192009,0.025775354355573654,0.028961166739463806,0.034674376249313354,0.659787654876709,0.1559460312128067,0.023396708071231842,0.023736145347356796,0.07581030577421188
39,16,3.972520151734352,0.9648572206497192,1.1504580974578857,0.09171508252620697,0.03508825972676277,0.30772557854652405,0.5811909437179565,0.1429644078016281,0.08212991058826447,0.04814614728093147,0.054414816200733185,0.3051527738571167,1.0517263412475586,0.03445453196763992,0.07136029750108719,0.7433879971504211
39,17,2.6942319951951506,0.9607477784156799,1.1456166505813599,0.052783288061618805,0.07609118521213531,0.08179516345262527,0.3964947462081909,0.1716635525226593,0.07396037131547928,0.04107779636979103,0.11085004359483719,0.520889937877655,0.27163511514663696,0.05516352131962776,0.023372400552034378,0.39718198776245117
39,18,2.396963381767273,0.9576341509819031,1.1450393199920654,0.04540076479315758,0.06590251624584198,0.1015641912817955,0.3355694115161896,0.07527419179677963,0.0272383913397789,0.04919804260134697,0.06777866929769516,0.4190905690193176,0.27531012892723083,0.08760704100131989,0.02530478686094284,0.40118998289108276
39,19,1.9292241953313352,0.9561739563941956,1.1469480991363525,0.042835820466279984,0.058100372552871704,0.17173649370670319,0.07839789986610413,0.08198375999927521,0.02410023845732212,0.035519134253263474,0.05166361480951309,0.41975221037864685,0.15568342804908752,0.11225780844688416,0.02272590436041355,0.2538430988788605
39,20,2.070225843414664,0.9551685452461243,1.1474651098251343,0.07962160557508469,0.06807190924882889,0.06615389883518219,0.0960027277469635,0.06176530942320824,0.023311438038945198,0.031539708375930786,0.04499337077140808,0.4522327780723572,0.24231232702732086,0.1663704514503479,0.02807142585515976,0.2892521619796753
39,21,1.4970960512757303,0.9547301530838013,1.1471731662750244,0.04187638685107231,0.050403475761413574,0.06330672651529312,0.1316969245672226,0.04932156205177307,0.023453785106539726,0.03799080476164818,0.04248270392417908,0.14892446994781494,0.1824369877576828,0.16769163310527802,0.024838509038090706,0.11229141801595688
39,22,1.7109904155135154,0.954351007938385,1.1470189094543457,0.06431251764297485,0.04667595401406288,0.06834088265895844,0.06847954541444778,0.04877951741218567,0.025480056181550026,0.0362749919295311,0.04599134996533394,0.15626679360866547,0.1825859248638153,0.3942379653453827,0.028370177373290062,0.12492075562477112
39,23,1.717603374272585,0.9550540447235107,1.1460561752319336,0.060675352811813354,0.0588601753115654,0.07435722649097443,0.07116224616765976,0.04474049061536789,0.027155524119734764,0.03925836831331253,0.04253314808011055,0.16197943687438965,0.1686214804649353,0.3953413665294647,0.02229505218565464,0.13040146231651306
39,24,1.3446895740926266,0.954673707485199,1.1460249423980713,0.03443414345383644,0.053031325340270996,0.0697258710861206,0.0663352832198143,0.0448521263897419,0.021387308835983276,0.027776630595326424,0.030066441744565964,0.0408327616751194,0.12168970704078674,0.28947263956069946,0.0246273223310709,0.10031828284263611
